-3.235993, -0.992750, 3.620733, 0.765617, 94175
-3.292329, -1.005452, 3.931605, 0.928683, 96934
-3.406778, -1.007631, 3.791091, 0.935017, 97583
-3.359317, -0.990625, 3.481465, 0.744201, 100792
-3.052706, -1.148136, 3.725048, 0.528926, 101473
-3.401018, -1.000955, 3.597845, 0.935517, 102420
-3.285357, -0.999026, 3.859170, 0.925062, 102623
-3.282080, -1.163964, 4.063509, 0.908074, 102632
-3.566604, -0.592127, 3.740517, 0.924977, 102848
-3.320593, -1.164427, 4.137025, 0.907320, 103211
-3.166182, -1.172582, 4.019215, 0.914344, 103214
-3.559122, -1.002306, 3.392261, 0.938861, 103340
-3.578022, -1.004198, 3.982866, 0.907527, 104088
-3.406791, -1.007100, 3.761062, 0.922018, 104161
-3.446036, -0.996542, 3.903683, 0.913688, 104187
-3.316798, -0.998127, 3.596801, 0.930055, 104241
-3.515185, -0.872283, 3.777398, 0.918238, 104345
-3.451928, -1.152189, 4.289595, 0.895297, 104376
-3.181783, -1.086490, 3.704422, 0.929647, 104433
-3.116811, -1.172594, 3.584566, 0.934266, 104509
-3.812184, -1.002722, 4.019211, 0.890981, 104587
-3.468167, -1.000680, 3.429037, 0.928710, 104898
-3.234035, -1.087356, 3.883704, 0.918111, 104935
-3.494596, -0.867822, 3.727923, 0.915584, 105000
-3.492892, -0.919206, 3.788281, 0.912656, 105009
-3.558744, -0.999022, 4.060866, 0.898421, 105031
-3.454369, -1.009496, 3.979509, 0.903140, 105138
-3.661620, -1.068746, 4.209585, 0.353091, 105221
-3.472785, -1.171168, 4.198802, 0.895947, 105342
-3.529204, -0.695662, 3.643469, 0.258526, 105568
-3.584244, -0.594319, 3.769325, 0.902362, 105616
-3.351799, -0.994841, 3.859226, 0.906540, 105624
-3.222233, -1.171495, 4.042702, 0.903814, 105641
-3.586285, -0.759973, 3.775676, 0.906339, 105714
-3.287618, -1.000601, 3.819095, 0.907174, 106215
-3.655040, -0.516493, 3.806937, 0.894308, 106220
-3.661742, -0.904239, 3.895370, 0.890573, 106226
-3.669506, -0.342329, 3.809877, 0.886973, 106342
-3.605281, -1.089303, 4.165448, 0.878048, 106373
-3.649343, -0.761571, 3.804996, 0.893103, 106440
-3.313522, -1.141116, 4.044025, 0.896980, 106461
-3.602004, -0.278141, 3.776678, 0.898152, 106464
-3.614388, -0.962457, 3.925737, 0.859150, 106465
-3.161502, -1.172487, 4.126048, 0.899654, 106471
-3.214018, -1.156331, 4.172461, 0.896307, 106475
-3.216346, -1.159549, 4.201417, 0.894213, 106477
-3.718089, -0.881516, 3.903189, 0.884696, 106558
-4.006813, -1.011255, 4.084986, 0.864596, 106754
-3.524663, -1.140528, 4.159428, 0.878504, 106918
-3.624974, -0.633175, 3.784273, 0.877333, 107046
-3.664666, -1.007352, 4.022276, 0.866177, 107072
-3.660417, -0.426671, 3.812622, 0.882001, 107150
-3.723445, -0.996750, 4.057055, 0.852680, 107161
-3.274501, -1.002105, 3.585098, 0.894344, 107278
-3.583879, -0.361136, 3.762898, 0.879664, 107319
-3.640042, -1.142388, 4.307195, 0.865159, 107356
-3.611814, -0.981395, 3.314059, 0.881638, 107392
-3.620837, -1.139981, 4.204223, 0.862908, 107450
-3.460112, -1.007016, 3.551224, 0.884824, 107496
-3.486383, -1.089727, 4.123328, 0.874668, 107539
-3.615849, -0.965111, 3.919028, 0.867981, 107714
-3.254758, -1.161316, 4.156006, 0.872863, 107728
-3.624207, -0.782114, 3.801847, 0.862247, 107792
-3.635463, -0.656600, 3.805008, 0.861328, 107853
-3.607203, -0.363378, 3.777044, 0.862594, 107854
-3.615963, -0.399106, 3.783700, 0.869041, 107926
-4.404437, -1.123355, 3.773605, 0.854755, 107933
-3.838161, -0.997118, 3.972366, 0.856781, 108004
-3.704893, -1.130480, 4.248132, 0.855090, 108015
-3.349351, -1.005856, 3.645083, 0.869761, 108060
-3.862427, -0.828117, 3.830401, 0.846978, 108070
-3.118092, -1.173511, 4.101863, 0.869113, 108169
-3.609188, -1.040246, 4.134185, 0.848422, 108190
-3.954677, -1.066652, 2.603562, 0.866063, 108208
-4.015869, -1.029013, 2.566882, 0.863971, 108212
-3.555408, -0.796531, 3.671396, 0.862363, 108259
-3.079630, -1.171874, 4.018483, 0.872546, 108264
-4.684033, -1.144929, 3.594097, 0.847560, 108275
-3.978394, -1.096429, 4.153015, 0.821716, 108303
-3.415007, -0.996289, 3.313873, 0.867044, 108322
-3.021852, -1.172563, 3.896020, 0.871453, 108352
-3.352111, -0.991718, 3.687122, 0.862503, 108353
-3.286302, -1.048341, 3.963300, 0.860132, 108370
-3.314916, -1.031165, 3.977671, 0.858633, 108374
-3.566383, -0.929805, 3.854551, 0.852566, 108375
-4.205306, -0.994602, 2.258886, 0.855835, 108407
-3.478234, -0.196176, 3.641978, 0.805801, 108448
-3.222949, -1.164214, 4.084474, 0.854846, 108469
-3.559122, -1.154961, 4.285435, 0.838793, 108498
-3.393112, -1.159979, 4.351782, 0.841936, 108503
-3.522497, -1.133389, 4.164270, 0.842638, 108505
-3.856117, -1.101492, 2.933323, 0.849668, 108521
-3.011379, -1.187468, 3.807610, 0.863199, 108525
-3.527219, -0.928727, 3.833320, 0.841338, 108551
-3.421872, -1.045492, 4.038917, 0.840828, 108558
-3.893053, -0.989120, 3.926134, 0.830204, 108564
-3.564989, -0.345424, 3.742437, 0.844845, 108649
-3.709133, -0.803331, 3.819377, 0.838472, 108656
-3.664757, -0.550087, 3.811486, 0.839298, 108657
-3.293514, -0.997332, 3.933196, 0.849096, 108658
-4.648929, -1.138114, 3.537777, 0.832833, 108662
-3.745888, -1.017707, 4.190487, 0.832149, 108683
-3.715664, -0.836873, 3.872216, 0.832064, 108748
-3.475847, -1.132383, 4.137709, 0.834487, 108751
-3.601278, -1.151780, 4.230309, 0.829638, 108764
-3.636426, -1.157414, 4.334144, 0.826853, 108778
-3.486315, -1.086589, 2.945169, 0.694449, 108785
-3.508135, -0.992274, 3.956558, 0.791992, 108826
-3.462405, -0.999026, 3.979144, 0.831992, 108827
-3.708213, -0.664912, 3.837096, 0.827395, 108828
-3.760337, -1.116363, 4.240513, 0.820916, 108854
-3.519256, -0.986365, 3.886806, 0.829618, 108898
-3.680217, -1.142648, 4.339932, 0.815835, 108914
-3.398596, -1.031680, 4.021613, 0.832296, 108941
-3.684968, -0.280429, 3.820668, 0.829251, 108943
-3.748250, -0.637735, 3.844524, 0.827057, 108944
-3.307307, -1.163624, 4.201108, 0.834406, 108946
-3.711334, -0.997601, 4.135124, 0.818968, 109001
-3.535423, -1.151326, 4.253102, 0.822070, 109002
-3.448632, -0.915838, 3.686032, 0.830353, 109030
-3.584216, -0.273062, 3.781514, 0.821182, 109041
-3.628294, -0.545879, 3.795126, 0.820382, 109042
-3.351660, -1.156977, 4.374098, 0.820134, 109057
-3.474165, -0.951030, 3.666098, 0.824349, 109087
-3.832366, -1.012621, 4.169744, 0.805417, 109108
-3.733623, -0.675473, 3.857444, 0.814675, 109162
-3.708943, -0.971968, 3.962905, 0.814960, 109166
-3.699786, -0.099077, 3.932565, 0.813256, 109174
-3.967173, -1.049690, 2.440575, 0.817173, 109196
-3.788643, -1.091785, 2.702859, 0.817973, 109199
-3.081830, -1.157836, 3.982534, 0.823330, 109223
-3.572546, -0.541394, 3.543526, 0.675661, 109225
-3.470092, -0.964278, 3.803118, 0.813240, 109245
-3.705519, -0.430177, 3.832757, 0.806696, 109249
-3.683921, -0.936359, 3.955203, 0.807055, 109254
-3.740171, -0.285588, 3.839556, 0.806094, 109256
-3.150168, -1.182881, 3.389849, 0.820574, 109294
-3.622760, -1.113230, 2.796800, 0.814344, 109296
-3.195561, -1.175738, 3.377855, 0.819615, 109303
-3.442471, -0.160966, 3.638537, 0.706894, 109304
-3.518936, -0.994416, 3.383921, 0.810971, 109316
-3.695951, -0.640943, 3.820375, 0.798883, 109344
-3.253937, -1.169000, 4.218074, 0.809326, 109350
-3.686306, -0.994587, 4.081016, 0.792425, 109357
-3.506082, -1.142357, 4.289273, 0.800997, 109362
-3.717359, -0.112263, 3.974098, 0.792261, 109363
-3.996177, -1.125852, 4.201201, 0.794128, 109377
-4.057590, -1.009324, 3.981285, 0.795279, 109381
-3.690030, -1.147533, 4.374663, 0.792680, 109385
-3.620098, -1.109998, 2.724672, 0.811751, 109393
-3.165895, -1.170152, 3.512055, 0.816455, 109399
-3.402877, -0.992904, 3.397931, 0.810211, 109403
-3.124359, -1.202440, 3.857025, 0.814505, 109409
-5.544180, -1.100883, 2.851525, 0.782537, 109439
-3.985968, -0.981606, 2.210798, 0.806382, 109458
-3.306032, -1.147904, 3.222268, 0.812095, 109461
-3.788864, -0.099188, 3.930708, 0.797276, 109494
-4.411615, -0.989946, 1.660973, 0.799529, 109508
-3.730916, -1.018381, 3.925278, 0.369163, 109548
-4.922230, -1.106235, 3.175617, 0.780947, 109584
-3.818889, -0.332844, 3.808752, 0.777182, 109635
-3.930261, -1.007418, 4.115191, 0.778464, 109644
-4.081577, -0.951777, 1.948401, 0.791212, 109650
-3.917241, -0.986004, 2.204538, 0.792548, 109651
-3.501781, -0.877283, 3.588231, 0.524336, 109663
-3.755347, -0.797026, 3.849287, 0.787558, 109685
-3.666057, -1.003849, 4.025732, 0.789174, 109691
-3.648750, -0.282257, 3.799032, 0.781932, 109721
-3.754432, -1.026584, 2.399675, 0.779806, 109747
-3.731358, -0.747946, 3.851372, 0.768576, 109774
-3.674393, -1.020562, 2.447605, 0.773605, 109806
-3.803106, -0.992197, 2.275321, 0.772480, 109809
-3.529785, -1.082828, 2.765994, 0.774234, 109812
-3.339049, -1.033980, 3.346230, 0.774950, 109815
-3.318170, -0.995554, 3.471180, 0.774274, 109817
-3.022120, -1.163356, 4.068522, 0.603096, 109827
-3.405050, -0.988420, 3.701294, 0.769786, 109830
-3.606406, -0.365587, 3.603972, 0.762232, 109844
-3.586416, -1.072597, 3.882294, 0.547322, 109845
-3.248150, -1.167115, 4.257068, 0.774542, 109846
-3.275370, -1.170331, 4.246468, 0.773609, 109847
-3.802238, -0.785488, 3.840863, 0.758226, 109853
-3.621043, -0.125796, 3.916600, 0.755689, 109860
-4.494655, -1.111675, 3.397040, 0.760900, 109861
-3.828641, -0.873395, 3.902665, 0.758507, 109862
-3.651261, -1.008334, 4.108650, 0.761538, 109867
-5.489799, -1.130686, 2.780134, 0.763079, 109875
-5.268358, -1.179026, 2.968717, 0.762577, 109876
-5.791028, -1.132696, 2.572901, 0.763477, 109877
-3.676882, -1.031536, 4.174566, 0.761408, 109879
-5.183656, -1.164323, -1.367595, 0.755177, 109898
-5.366727, -1.164796, -1.712130, 0.754435, 109899
-3.443592, -1.026061, 2.626674, 0.761821, 109902
-3.810662, -0.955475, 1.919839, 0.758846, 109903
-3.945765, -1.007011, 1.652360, 0.749721, 109907
-3.455708, -1.042199, 2.768589, 0.760700, 109910
-3.196407, -1.147844, 3.258956, 0.765318, 109911
-3.542911, -1.056429, 2.591429, 0.755463, 109912
-3.329097, -1.081869, 2.967597, 0.315245, 109913
-4.838264, -1.120678, 0.076994, 0.755929, 109914
-3.141882, -1.140671, 3.792698, 0.767979, 109927
-3.195043, -1.082985, 3.765827, 0.766746, 109928
-3.124645, -1.163985, 3.995464, 0.769610, 109932
-3.467966, -0.962529, 3.815330, 0.760949, 109943
-3.586036, -0.639471, 3.664732, 0.758797, 109953
-4.441365, -1.167704, 3.218458, 0.457111, 109959
-3.803642, -0.855711, 3.890835, 0.757536, 109960
-4.654717, -1.116182, 3.189271, 0.645139, 109962
-3.813612, -0.974305, 3.949189, 0.758582, 109965
-3.858139, -0.946308, 3.907696, 0.758148, 109966
-4.033410, -1.005957, 3.898653, 0.758578, 109973
-4.339809, -0.970014, 0.675281, 0.739821, 109995
-4.935486, -1.207731, -0.636003, 0.739620, 109996
-5.109224, -1.180751, -1.004130, 0.739306, 109997
-3.203136, -0.986905, 3.619549, 0.747728, 110008
-3.549853, -1.006354, 3.254757, 0.741950, 110014
-3.486212, -0.884969, 3.770704, 0.740686, 110032
-3.291971, -1.172616, 4.283247, 0.749960, 110040
-3.749290, -0.861370, 3.899448, 0.738026, 110047
-5.440894, -1.068724, 2.591267, 0.569837, 110056
-3.803795, -1.010524, 4.142410, 0.740969, 110063
-4.012745, -1.076521, 4.101538, 0.726579, 110071
-3.568489, -1.160094, 4.298030, 0.745520, 110072
-4.312609, -1.172705, 4.060977, 0.742479, 110073
-4.301711, -1.056967, 0.629990, 0.720228, 110076
-3.299723, -1.001472, 3.663294, 0.721197, 110088
-3.101886, -1.180769, 4.158291, 0.730617, 110092
-3.511369, -0.237270, 3.577114, 0.449499, 110095
-3.501263, -0.210423, 3.657301, 0.691550, 110096
-3.157999, -1.183763, 4.199839, 0.728792, 110099
-3.535146, -0.240279, 3.659244, 0.712754, 110100
-3.649585, -0.803991, 3.841323, 0.708535, 110108
-3.673455, -0.369628, 3.836376, 0.697828, 110110
-5.151044, -1.046419, 2.854710, 0.711838, 110122
-4.155825, -0.992395, 3.812428, 0.708733, 110131
-4.222527, -1.120482, 0.586654, 0.701564, 110144
-5.448741, -1.244149, -2.394980, 0.705411, 110147
-3.672923, -1.025609, 2.241905, 0.696345, 110150
-3.677300, -1.059734, 2.575329, 0.701886, 110157
-4.184117, -1.000041, 1.925289, 0.698229, 110161
-3.207503, -1.077078, 3.817315, 0.705860, 110163
-3.591715, -1.012497, 3.235213, 0.695608, 110166
-3.435386, -0.965579, 3.607025, 0.695445, 110169
-3.246964, -1.163715, 4.046083, 0.704742, 110180
-3.458755, -1.160169, 4.253770, 0.694867, 110196
-4.502469, -1.126941, 3.305596, 0.680484, 110201
-3.716534, -0.684775, 3.805180, 0.677388, 110208
-3.597633, -1.116762, 4.290891, 0.687819, 110211
-5.487869, -1.034197, 2.522947, 0.456909, 110214
-3.587596, -1.154426, 4.331162, 0.689561, 110215
-3.678813, -1.072168, 4.176103, 0.683948, 110225
-3.809866, -1.137507, 4.322747, 0.682345, 110228
-3.924964, -1.145470, 4.277707, 0.680381, 110235
-3.853869, -1.131501, 4.327944, 0.681072, 110238
-3.485414, -0.998086, 2.439512, 0.667099, 110248
-3.891309, -0.973143, 1.412093, 0.663904, 110250
-4.377598, -1.065789, 0.221428, 0.662306, 110252
-3.174112, -1.151452, 3.961904, 0.673553, 110263
-3.922561, -1.002217, 2.520526, 0.657195, 110273
-3.565574, -0.340629, 3.655026, 0.613300, 110279
-3.505953, -0.893582, 3.815697, 0.654817, 110281
-3.650172, -1.066599, 4.144201, 0.654671, 110305
-4.854354, -1.101278, 2.922267, 0.316769, 110307
-3.917597, -1.048956, 4.137024, 0.649070, 110315
-3.883289, -0.156041, 3.920362, 0.639476, 110317
-3.537576, -1.009843, 2.213957, 0.631178, 110332
-3.176067, -1.141581, 3.778503, 0.632222, 110343
-3.592699, -1.019581, 3.100451, 0.620009, 110349
-3.820369, -1.036755, 2.722558, 0.617719, 110350
-3.214939, -1.171399, 4.014901, 0.629119, 110353
-3.130784, -1.172271, 4.224564, 0.634635, 110354
-3.854009, -1.064411, 2.672341, 0.617871, 110360
-3.566892, -0.524089, 3.750054, 0.603193, 110365
-3.598011, -0.726730, 3.787183, 0.600144, 110368
-3.637090, -0.405421, 3.802819, 0.597859, 110374
-4.843229, -1.302464, 2.840516, 0.331802, 110383
-3.617722, -1.178429, 4.297966, 0.375000, 110390
-3.706880, -0.134286, 3.962841, 0.588087, 110394
-3.934329, -1.011180, 4.074098, 0.591771, 110398
-3.658173, -1.181995, 4.392449, 0.602763, 110400
-6.743814, -1.010548, 1.502540, 0.484632, 110402
-3.923870, -1.162641, 4.207558, 0.594411, 110405
-3.529768, -1.058429, 1.939893, 0.626049, 110413
-3.827635, -1.012578, 1.052130, 0.578692, 110416
-4.022004, -1.076126, 0.614024, 0.624271, 110420
-4.571971, -1.136608, -0.426291, 0.605302, 110425
-3.036946, -1.152311, 4.184469, 0.619593, 110434
-3.588526, -1.081354, 3.081487, 0.600311, 110435
-3.573995, -1.000515, 3.201010, 0.597054, 110437
-4.523147, -1.011277, 1.406606, 0.600833, 110438
-3.865741, -1.114913, 2.732186, 0.594580, 110441
-3.098744, -1.174224, 4.225590, 0.613350, 110444
-3.144444, -1.150758, 4.257351, 0.607176, 110449
-4.013875, -0.978060, 2.216379, 0.601929, 110451
-3.179816, -1.177552, 4.235569, 0.604598, 110452
-3.541770, -0.830828, 3.762178, 0.575099, 110457
-3.569426, -0.793356, 3.750121, 0.572800, 110458
-3.476794, -0.110940, 3.836038, 0.579882, 110460
-3.580594, -0.901757, 3.852025, 0.568802, 110464
-3.339042, -1.167666, 4.259190, 0.586822, 110468
-3.485611, -1.069382, 4.082320, 0.572955, 110470
-3.564785, -0.166407, 3.845925, 0.568477, 110471
-3.695237, -0.923829, 3.932789, 0.557043, 110473
-3.709091, -0.519819, 3.829311, 0.553971, 110474
-3.429397, -1.164065, 4.410030, 0.573803, 110479
-4.446617, -1.110417, 3.299833, 0.551819, 110481
-3.971881, -1.018686, 3.879373, 0.546251, 110485
-3.679368, -1.140086, 4.267665, 0.553083, 110490
-3.563513, -0.742238, 3.689942, 0.560013, 110496
-4.649870, -1.081011, 3.511911, 0.536862, 110497
-3.925833, -1.144538, 4.186904, 0.539588, 110498
-3.727521, -1.166562, 4.388831, 0.545753, 110500
-4.012715, -0.977887, 4.119192, 0.507375, 110503
-3.808047, -1.166126, 4.359957, 0.540597, 110504
-9.049662, -0.896252, -0.081762, 0.548926, 110506
-3.626400, -1.157376, 4.552454, 0.547237, 110507
-7.778341, -0.975143, 1.062306, 0.535140, 110509
-4.150649, -1.151634, 4.185321, 0.527082, 110510
-3.710406, -1.172301, 4.377535, 0.548120, 110511
-4.374790, -1.131046, -0.255986, 0.630550, 110520
-4.644077, -1.224074, -1.022007, 0.630328, 110522
-3.520611, -1.027377, 2.519233, 0.623286, 110523
-3.180290, -1.178384, 3.423144, 0.626160, 110524
-3.570396, -1.007374, 2.582940, 0.618192, 110528
-4.651795, -1.087901, 0.493229, 0.612005, 110530
-3.126934, -1.203574, 3.907419, 0.618991, 110531
-3.239102, -0.985323, 3.795789, 0.605686, 110533
-3.259950, -1.157803, 4.019640, 0.598268, 110539
-3.505296, -0.844276, 3.650675, 0.577201, 110541
-3.476046, -1.041275, 3.372969, 0.591937, 110543
-3.582298, -0.414270, 3.549281, 0.576448, 110545
-3.219436, -1.163347, 4.233768, 0.597971, 110546
-3.344253, -0.868562, 4.052398, 0.398624, 110547
-3.475264, -0.926073, 3.822230, 0.571569, 110548
-3.377024, -1.045842, 4.076273, 0.575363, 110551
-3.348591, -1.140763, 4.182145, 0.579865, 110553
-3.523587, -0.087403, 3.836526, 0.563232, 110559
-3.656208, -0.591529, 3.801279, 0.543152, 110564
-3.488944, -1.150094, 4.158634, 0.561417, 110567
-3.689342, -0.891679, 3.930453, 0.536862, 110568
-3.753517, -0.821055, 3.871518, 0.531679, 110570
-3.778385, -0.419641, 3.834678, 0.522690, 110577
-3.584550, -1.128510, 4.280113, 0.541134, 110581
-3.728167, -0.984196, 4.182166, 0.518366, 110586
-3.503479, -1.176846, 4.242536, 0.557264, 110587
-4.168698, -0.967261, 3.737962, 0.510899, 110589
-3.714424, -0.153452, 3.987258, 0.497882, 110590
-6.208255, -1.058690, 1.948346, 0.514091, 110592
-3.839226, -1.040570, 4.212174, 0.507047, 110593
-3.852527, -1.139975, 4.234106, 0.511524, 110594
-5.073756, -1.242732, 3.100239, 0.210406, 110595
-6.456939, -1.058815, 1.778471, 0.512716, 110596
-4.291368, -1.095854, 3.836291, 0.498891, 110597
-6.365054, -0.956712, 1.876659, 0.509771, 110598
-5.140835, -1.039400, 3.072476, 0.499731, 110601
-3.842159, -1.136575, 4.304641, 0.507314, 110602
-3.992366, -1.069214, 4.190177, 0.494188, 110605
-3.916005, -0.991005, 4.053032, 0.508499, 110607
-4.148801, -1.025442, 2.131901, 0.531657, 110614
-3.621565, -0.964383, 3.239098, 0.529122, 110615
-3.562527, -0.713758, 3.740128, 0.504513, 110619
-3.562060, -0.219203, 3.800898, 0.504007, 110622
-3.638310, -0.695052, 3.774219, 0.490959, 110623
-3.666714, -0.396869, 3.796977, 0.483715, 110626
-3.713637, -0.344500, 3.824149, 0.473842, 110631
-3.865621, -0.431688, 3.716501, 0.187041, 110634
-3.610133, -1.102950, 4.188716, 0.480523, 110635
-4.198555, -0.996513, 3.622572, 0.447026, 110638
-5.779984, -1.247901, 2.014716, 0.443374, 110640
-3.695993, -1.103852, 4.225547, 0.465456, 110641
-5.268381, -1.100388, 2.606870, 0.439180, 110643
-3.597076, -1.050398, 4.148463, 0.481837, 110646
-3.860288, -1.123685, 4.213094, 0.444142, 110650
-3.702677, -1.181466, 4.441356, 0.456274, 110652
-9.120618, -1.015269, -0.454320, 0.418151, 110654
-7.713273, -1.074918, 0.928865, 0.409561, 110655
-3.716035, -0.970047, 4.218168, 0.453638, 110656
-4.007381, -1.156413, 4.262758, 0.421201, 110657
-3.785307, -1.058662, 4.217269, 0.449882, 110658
-3.673270, -0.992222, 2.110806, 0.515267, 110659
-3.490487, -1.080100, 3.043152, 0.495190, 110661
-3.145397, -1.137713, 3.884848, 0.503356, 110663
-3.206116, -1.139521, 3.963253, 0.493264, 110665
-3.232669, -1.146235, 3.995914, 0.486901, 110666
-3.178791, -1.143286, 4.178916, 0.489690, 110667
-3.561637, -0.699392, 3.662879, 0.434815, 110668
-3.537345, -0.833099, 3.729187, 0.427029, 110669
-3.301673, -1.171244, 4.248166, 0.460770, 110673
-3.434391, -1.165790, 4.121986, 0.439301, 110677
-3.346060, -1.175264, 4.284140, 0.449641, 110678
-3.593225, -1.010406, 4.083881, 0.398848, 110681
-3.725093, -1.043548, 4.183458, 0.362712, 110693
-3.775776, -0.147898, 3.954620, 0.344580, 110696
-3.802448, -1.087233, 4.203024, 0.348296, 110697
-3.882177, -0.774097, 3.894728, 0.352892, 110699
-5.773041, -1.072835, 2.514027, 0.302078, 110702
-4.014029, -1.152286, 4.162955, 0.317162, 110703
-3.809898, -1.002727, 4.123974, 0.350659, 110705
-5.641392, -1.211127, 2.807875, 0.285824, 110706
-3.972132, -1.184829, 4.285318, 0.310857, 110707
-3.842707, -1.198857, 4.417963, 0.323468, 110709
-3.241697, -1.177639, 3.229271, 0.499609, 110714
-3.058608, -1.181639, 3.975847, 0.501680, 110718
-3.151713, -1.160462, 3.923470, 0.483120, 110720
-3.385380, -0.972485, 3.539348, 0.454619, 110721
-3.270026, -0.999443, 3.893254, 0.452447, 110722
-4.177096, -0.976041, 2.131258, 0.443408, 110723
-3.746243, -0.873568, 3.062338, 0.431279, 110724
-3.715947, -1.001433, 3.106795, 0.431059, 110725
-3.633724, -1.011979, 3.948947, 0.353011, 110734
-3.855447, -0.514085, 3.812490, 0.296217, 110737
-4.058664, -0.850296, 3.628764, 0.294378, 110743
-3.926744, -0.932029, 3.935552, 0.275331, 110745
-4.010922, -1.128585, 4.230288, 0.213357, 110747
-4.222611, -1.167266, 4.058575, 0.197829, 110748
-4.437343, -1.105303, 3.897398, 0.172644, 110750
-3.843555, -1.016644, 4.166877, 0.259753, 110751
-3.988312, -1.055099, 4.118053, 0.233183, 110752
-3.408805, -1.179638, 2.792153, 0.508482, 110754
-3.701594, -1.113172, 2.756026, 0.468079, 110759
-3.823671, -1.003618, 2.256815, 0.485888, 110760
-3.642803, -0.774205, 3.444072, 0.417227, 110762
-3.326708, -1.061423, 4.035297, 0.442787, 110763
-3.373852, -1.139127, 4.100207, 0.430677, 110766
-3.707742, -0.584557, 3.833818, 0.330810, 110777
-4.061717, -0.914455, 3.623738, 0.297463, 110780
-3.669327, -0.109644, 3.966402, 0.313235, 110781
-5.207726, -1.055756, 2.420785, 0.293116, 110782
-4.931587, -1.226151, 2.785712, 0.282549, 110783
-3.732486, -0.283753, 3.849383, 0.319274, 110785
-5.107840, -1.143525, 2.814407, 0.250073, 110786
-7.141071, -1.332183, 0.815364, 0.300697, 110788
-6.706338, -1.111059, 1.741409, 0.200029, 110791
-4.280156, -1.125213, 4.010446, 0.179544, 110792
-4.103820, -1.140412, 4.174506, 0.199512, 110793
-6.385216, -1.066942, 2.132439, 0.182904, 110794
-4.591071, -1.120608, 3.765817, 0.154676, 110795
-4.763647, -1.120323, -1.875144, 0.419591, 110799
-3.592505, -0.975481, 2.497151, 0.294655, 110800
-4.782889, -1.128470, -0.837054, 0.348120, 110801
-4.800236, -1.202645, -0.755949, 0.335504, 110802
-4.082197, -0.963325, 1.382913, 0.295353, 110803
-4.272866, -0.933931, 1.042132, 0.300348, 110804
-3.114425, -1.140396, 4.015054, 0.319250, 110805
-3.441289, -0.973555, 3.266234, 0.265086, 110806
-3.796818, -1.022805, 2.417200, 0.259880, 110807
-3.819523, -0.995013, 2.482601, 0.251633, 110808
-3.288247, -0.970551, 3.807613, 0.264636, 110810
-4.082376, -0.969034, 2.250561, 0.225188, 110811
-3.158576, -1.145918, 4.173291, 0.303077, 110812
-3.516664, -0.837443, 3.777173, 0.180285, 110814
-3.606755, -0.728038, 3.784792, 0.140502, 110815
-3.652331, -0.362017, 3.797856, 0.119202, 110817
-3.703057, -0.483909, 3.835065, 0.083940, 110819
-3.743236, -0.424772, 3.821475, 0.070760, 110821
-3.743860, -0.459148, 3.835378, 0.066115, 110822
-3.899115, -0.797092, 3.757388, 0.042149, 110826
-3.749495, -1.002027, 4.088168, 0.059149, 110829
-3.534239, -1.181528, 4.395657, 0.158641, 110830
-8.524239, -1.102101, -0.103060, 0.016003, 110838
-4.140656, -0.989476, 0.239842, 0.097403, 110846
