-3.293500, -1.004193, 3.930483, 0.921042, 96934
-3.408928, -1.011726, 3.790997, 0.928424, 97583
-3.520294, -1.004757, 4.038276, 0.899036, 99298
-3.445446, -0.995860, 3.656216, 0.929578, 101444
-3.059413, -1.186492, 3.686183, 0.932437, 101473
-3.399097, -1.003498, 3.601768, 0.928147, 102420
-3.286146, -0.998373, 3.857607, 0.917216, 102623
-3.282138, -1.164324, 4.063399, 0.898122, 102632
-3.567929, -0.592668, 3.740735, 0.921381, 102848
-3.322435, -1.164992, 4.135524, 0.899345, 103211
-3.167792, -1.173167, 4.017919, 0.902843, 103214
-3.567581, -1.008426, 3.389898, 0.932166, 103340
-3.579144, -1.005965, 3.982679, 0.900445, 104088
-3.402151, -1.001451, 3.760872, 0.913096, 104161
-3.443427, -0.994211, 3.904219, 0.905260, 104187
-3.322654, -1.000189, 3.592966, 0.921715, 104241
-3.550010, -0.601792, 3.677936, 0.915602, 104335
-3.517437, -0.874903, 3.774861, 0.908853, 104345
-3.446789, -1.144720, 4.290182, 0.883225, 104376
-3.181166, -1.087722, 3.702824, 0.916883, 104433
-3.121018, -1.172243, 3.582893, 0.922351, 104509
-3.808034, -1.004229, 4.021369, 0.887467, 104587
-3.469886, -1.002830, 3.425793, 0.919496, 104898
-3.233471, -1.087406, 3.882137, 0.905335, 104935
-3.499772, -0.873820, 3.724862, 0.905060, 105000
-3.494324, -0.921323, 3.787543, 0.902054, 105009
-3.557036, -0.999095, 4.060213, 0.889573, 105031
-3.454059, -1.013605, 3.978699, 0.892928, 105138
-3.400586, -1.000040, 3.499929, 0.912755, 105178
-3.678006, -1.097175, 4.195313, 0.878111, 105221
-3.212403, -1.164526, 3.942860, 0.899951, 105326
-3.467890, -1.161217, 4.199375, 0.883269, 105342
-3.572011, -0.757772, 3.531614, 0.546492, 105568
-3.581046, -0.592392, 3.770813, 0.894490, 105616
-3.348545, -0.994233, 3.860578, 0.894865, 105624
-3.223647, -1.171880, 4.041605, 0.890420, 105641
-3.585500, -0.760324, 3.774477, 0.894582, 105714
-3.473337, -0.145595, 3.825327, 0.900484, 105812
-3.159325, -1.127151, 3.743730, 0.902901, 105872
-3.288877, -1.001086, 3.818104, 0.891216, 106215
-3.648054, -0.512160, 3.808567, 0.884204, 106220
-3.663002, -0.906552, 3.894035, 0.879800, 106226
-3.667101, -0.341196, 3.812047, 0.878197, 106342
-3.349839, -1.004657, 3.920877, 0.881062, 106346
-3.265813, -1.171884, 4.009456, 0.880059, 106359
-3.245910, -1.160792, 4.046560, 0.879779, 106366
-3.606715, -1.092814, 4.164958, 0.867548, 106373
-3.648457, -0.760915, 3.804562, 0.877872, 106440
-3.311927, -1.143661, 4.044382, 0.879317, 106461
-3.595213, -0.275066, 3.781047, 0.883072, 106464
-3.610710, -0.959178, 3.927158, 0.823185, 106465
-3.162796, -1.179191, 4.124350, 0.880630, 106471
-3.212145, -1.158202, 4.170792, 0.877493, 106475
-3.215007, -1.162953, 4.199340, 0.874795, 106477
-3.719650, -0.882978, 3.902316, 0.871244, 106558
-3.579298, -0.329917, 3.765171, 0.877433, 106656
-3.220471, -1.171568, 4.228661, 0.869938, 106680
-3.563439, -0.331827, 3.675126, 0.876399, 106728
-3.996489, -1.010087, 4.088790, 0.854821, 106754
-3.522373, -1.139752, 4.159979, 0.861104, 106918
-3.621591, -0.630633, 3.787416, 0.860695, 107046
-3.659408, -1.008756, 4.023541, 0.847925, 107072
-3.510911, -0.900615, 3.809320, 0.839285, 107143
-3.657214, -0.425408, 3.814554, 0.861801, 107150
-3.716928, -0.991940, 4.059062, 0.822924, 107161
-3.712469, -0.190438, 3.930119, 0.855108, 107164
-3.208382, -1.082560, 3.814854, 0.868284, 107219
-3.273039, -0.998044, 3.587203, 0.868427, 107278
-3.634552, -0.435081, 3.530153, 0.862757, 107285
-3.583324, -0.361590, 3.763041, 0.859429, 107319
-3.635447, -1.141620, 4.307478, 0.848592, 107356
-3.638423, -1.007604, 3.287302, 0.858003, 107392
-3.611543, -1.134740, 4.208014, 0.844137, 107450
-3.579484, -0.939822, 3.463758, 0.853863, 107493
-3.482488, -1.021424, 3.525203, 0.860546, 107496
-3.635428, -0.993761, 4.070750, 0.847470, 107537
-3.482778, -1.086602, 4.124609, 0.850198, 107539
-3.679548, -0.397955, 3.849917, 0.767914, 107540
-3.916646, -1.103524, 2.903221, 0.851307, 107567
-3.473764, -0.110437, 3.839678, 0.852469, 107615
-3.524035, -0.086931, 3.836358, 0.851399, 107617
-3.703026, -0.132786, 3.965430, 0.841257, 107638
-3.166447, -1.174488, 3.598962, 0.857299, 107673
-3.268561, -1.129453, 3.406459, 0.856318, 107676
-3.553634, -0.521471, 3.679398, 0.848467, 107692
-3.565930, -0.301401, 3.713542, 0.848570, 107700
-3.619591, -0.971331, 3.916345, 0.843544, 107714
-3.255058, -1.160761, 4.157843, 0.842517, 107728
-3.616344, -0.777189, 3.805633, 0.835532, 107792
-3.813951, -0.833097, 3.844761, 0.816705, 107812
-3.632174, -0.656047, 3.807071, 0.835409, 107853
-3.607387, -0.363736, 3.777487, 0.836844, 107854
-4.389156, -1.054339, 2.443614, 0.842228, 107875
-3.614167, -0.398389, 3.785053, 0.838546, 107926
-4.391346, -1.111876, 3.781147, 0.825450, 107933
-4.241138, -1.046868, 2.584788, 0.835380, 107956
-3.298722, -1.116485, 3.339714, 0.839174, 107958
-3.702643, -0.937277, 3.921412, 0.830239, 108002
-3.824674, -0.984182, 3.978585, 0.828980, 108004
-3.704888, -1.131844, 4.248184, 0.828484, 108015
-3.354923, -1.010036, 3.641094, 0.828877, 108060
-3.847439, -0.828276, 3.840590, 0.811687, 108070
-4.092387, -1.015437, 2.609561, 0.827753, 108116
-3.031265, -1.188967, 3.749896, 0.838904, 108135
-3.144558, -1.165917, 3.763135, 0.835291, 108154
-3.118008, -1.171784, 4.099954, 0.830088, 108169
-3.604170, -1.038250, 4.135396, 0.816460, 108190
-3.974948, -1.081492, 2.573756, 0.829826, 108208
-4.043852, -1.051860, 2.524034, 0.826672, 108212
-4.547798, -1.074974, 2.109906, 0.825887, 108215
-3.558031, -0.797624, 3.668890, 0.823161, 108259
-3.077838, -1.169839, 4.014849, 0.831606, 108264
-4.635406, -1.114749, 3.622149, 0.811606, 108275
-3.937222, -1.056174, 4.168598, 0.750247, 108303
-4.522878, -0.942038, 1.983646, 0.812070, 108305
-3.396806, -0.972236, 3.338901, 0.818136, 108322
-3.562508, -0.870861, 3.499194, 0.803361, 108339
-3.021383, -1.178730, 3.890750, 0.820158, 108352
-3.347074, -0.989436, 3.691687, 0.812826, 108353
-3.282908, -1.046443, 3.963218, 0.811593, 108370
-3.514226, -0.941463, 3.864940, 0.807789, 108373
-3.314623, -1.030242, 3.976133, 0.810633, 108374
-3.563012, -0.929544, 3.854978, 0.807066, 108375
-3.392777, -1.145437, 4.106007, 0.808197, 108394
-4.204273, -0.991538, 2.258916, 0.806798, 108407
-2.954991, -1.185956, 3.809921, 0.814409, 108430
-2.964315, -1.190672, 3.845079, 0.813509, 108435
-2.977780, -1.178241, 3.906537, 0.811918, 108442
-3.474148, -0.189856, 3.648207, 0.637668, 108448
-3.536500, -0.823712, 3.769274, 0.797774, 108459
-3.514614, -1.003279, 3.889995, 0.796746, 108466
-3.225197, -1.169490, 4.081215, 0.801332, 108469
-3.607232, -1.099617, 4.190227, 0.791046, 108491
-3.548176, -1.142002, 4.288692, 0.790412, 108498
-3.389786, -1.155021, 4.351051, 0.791466, 108503
-3.523132, -1.143453, 4.162332, 0.793270, 108505
-5.185009, -1.115388, 1.124024, 0.796778, 108507
-3.792058, -1.051182, 3.025814, 0.798227, 108521
-3.016974, -1.197630, 3.794868, 0.805114, 108525
-2.962871, -1.179327, 3.938347, 0.803975, 108529
-3.637388, -0.350675, 3.520807, 0.777180, 108533
-3.518384, -0.919713, 3.841192, 0.787039, 108551
-3.417089, -1.041077, 4.041882, 0.785471, 108558
-5.041051, -1.129369, 3.434034, 0.779645, 108561
-3.879368, -0.985463, 3.932646, 0.779167, 108564
-3.562637, -0.346680, 3.744819, 0.786024, 108649
-3.646350, -0.580872, 3.809407, 0.780724, 108654
-3.700253, -0.797329, 3.827499, 0.779821, 108656
-3.663000, -0.550376, 3.810999, 0.780425, 108657
-3.297195, -1.006039, 3.927021, 0.789020, 108658
-4.646178, -1.135496, 3.539556, 0.776592, 108662
-3.291295, -1.186685, 4.069007, 0.786080, 108671
-3.743291, -1.010845, 4.191693, 0.771461, 108683
-3.708785, -0.830300, 3.877891, 0.764945, 108748
-3.474042, -1.134402, 4.136672, 0.764587, 108751
-3.600286, -1.146814, 4.229250, 0.761111, 108764
-3.634824, -1.155600, 4.335790, 0.758646, 108778
-3.511974, -0.997481, 3.950121, 0.567960, 108826
-3.458401, -1.001836, 3.979098, 0.759368, 108827
-3.708962, -0.667755, 3.835265, 0.756946, 108828
-3.599220, -0.824477, 3.798881, 0.760644, 108832
-3.574205, -0.383934, 3.778287, 0.762166, 108836
-5.154356, -1.121915, 3.389637, 0.755425, 108839
-3.740365, -1.100062, 4.247446, 0.748251, 108854
-3.256422, -1.183755, 3.334611, 0.782324, 108867
-2.946211, -1.199496, 3.716287, 0.781537, 108869
-3.511009, -0.981631, 3.890066, 0.756209, 108898
-3.675608, -1.142743, 4.340489, 0.739172, 108914
-3.392526, -1.025444, 4.025832, 0.757012, 108941
-3.681008, -0.279329, 3.823524, 0.754372, 108943
-3.748175, -0.637649, 3.845188, 0.752132, 108944
-3.303717, -1.160755, 4.203076, 0.754877, 108946
-3.715892, -1.000810, 4.130560, 0.731299, 109001
-3.530671, -1.149765, 4.253851, 0.731564, 109002
-3.635993, -1.146513, 4.402220, 0.726974, 109014
-3.441930, -0.906320, 3.696216, 0.735403, 109030
-3.551620, -0.688240, 3.825930, 0.509057, 109040
-3.569443, -0.267719, 3.792202, 0.729004, 109041
-3.626671, -0.546022, 3.794352, 0.726744, 109042
-3.350272, -1.157946, 4.372019, 0.718905, 109057
-3.483558, -0.962495, 3.652509, 0.725581, 109087
-3.583325, -0.998713, 4.092896, 0.711054, 109101
-3.838210, -1.014699, 4.164028, 0.706347, 109108
-3.598303, -0.428732, 3.528365, 0.480850, 109143
-3.746626, -0.682318, 3.849451, 0.710408, 109162
-3.703916, -0.965834, 3.966172, 0.709948, 109166
-3.684309, -0.094813, 3.946171, 0.706947, 109174
-3.967782, -1.050887, 2.441656, 0.678232, 109196
-3.799002, -1.097623, 2.686419, 0.678081, 109199
-4.901945, -1.066528, 1.351251, 0.677479, 109201
-4.077898, -1.081342, 2.671366, 0.675079, 109207
-4.008082, -1.093300, 2.826663, 0.674266, 109209
-3.049966, -1.177884, 3.845850, 0.676718, 109210
-3.078957, -1.158127, 3.983252, 0.674424, 109223
-3.109692, -1.165921, 4.026146, 0.673563, 109233
-3.095943, -1.164378, 4.121016, 0.645764, 109237
-3.501021, -0.184622, 3.793157, 0.671261, 109239
-3.162437, -1.166784, 4.162080, 0.671367, 109243
-3.466864, -0.963995, 3.808022, 0.669574, 109245
-3.378630, -1.150941, 4.092199, 0.669612, 109247
-3.703317, -0.430488, 3.833269, 0.668804, 109249
-3.687773, -0.941841, 3.949721, 0.667907, 109254
-3.733033, -0.281509, 3.843486, 0.669584, 109256
-3.618940, -0.310840, 3.802022, 0.667374, 109261
-3.483289, -1.144865, 4.161084, 0.668857, 109262
-3.524002, -0.985503, 3.965055, 0.668187, 109265
-3.421371, -1.148430, 4.270221, 0.668778, 109269
-4.316868, -1.114301, 4.015449, 0.671677, 109279
-3.160587, -1.192513, 3.375530, 0.649579, 109294
-3.619906, -1.100449, 2.809862, 0.647310, 109296
-4.220763, -1.004100, 2.052723, 0.645783, 109302
-3.197481, -1.172323, 3.384251, 0.648853, 109303
-6.028986, -1.096600, -0.237358, 0.644545, 109304
-4.552975, -0.996577, 1.717755, 0.644836, 109305
-3.595978, -1.017347, 3.234912, 0.642273, 109314
-3.527299, -0.994299, 3.375273, 0.641526, 109316
-3.469858, -1.010811, 3.414289, 0.641279, 109327
-3.592857, -0.388748, 3.774779, 0.634181, 109336
-3.620450, -0.282244, 3.775363, 0.634564, 109339
-3.525300, -0.074718, 3.856817, 0.634906, 109343
-3.699579, -0.643431, 3.819858, 0.631690, 109344
-3.690829, -0.379032, 3.812339, 0.632931, 109347
-3.710025, -0.521295, 3.829015, 0.631854, 109349
-3.244938, -1.152871, 4.224312, 0.634695, 109350
-6.265405, -1.042424, 2.506315, 0.611748, 109355
-3.676338, -0.988906, 4.084102, 0.630703, 109357
-3.501558, -1.141624, 4.287682, 0.630768, 109362
-3.723086, -0.114228, 3.966510, 0.629876, 109363
-3.984645, -1.118649, 4.201206, 0.630879, 109377
-4.030902, -0.991512, 3.993296, 0.631616, 109381
-3.909768, -0.990491, 4.051580, 0.631097, 109382
-3.670215, -1.128222, 4.379228, 0.599434, 109385
-3.618318, -1.099768, 2.736307, 0.639327, 109393
-5.980092, -1.068082, -0.451447, 0.635421, 109396
-3.161089, -1.151557, 3.526334, 0.639883, 109399
-3.412353, -1.004789, 3.379745, 0.635444, 109403
-3.719144, -1.116109, 2.841184, 0.635970, 109408
-3.126569, -1.199116, 3.856734, 0.634821, 109409
-4.054786, -1.080691, 2.663843, 0.632252, 109416
-3.242962, -0.979349, 3.763766, 0.633077, 109424
-5.144900, -1.123615, 3.169147, 0.600804, 109438
-5.497198, -1.085388, 2.874734, 0.511441, 109439
-3.668603, -0.075484, 3.937842, 0.617990, 109440
-3.946540, -0.829953, 3.807143, 0.576195, 109444
-6.029533, -1.175889, -0.940548, 0.649804, 109456
-4.034011, -1.012527, 2.119725, 0.652217, 109458
-3.322037, -1.177730, 3.180233, 0.654979, 109461
-4.666225, -1.039294, 1.356420, 0.650345, 109462
-3.230565, -0.998640, 3.628800, 0.652307, 109471
-3.490081, -0.824664, 3.665485, 0.644484, 109474
-3.759935, -0.545972, 3.297964, 0.465686, 109475
-3.794368, -0.100736, 3.926088, 0.638018, 109494
-5.680279, -1.258838, -0.577067, 0.571600, 109503
-4.396907, -0.979390, 1.692147, 0.572050, 109508
-3.272865, -0.996271, 3.636575, 0.571358, 109519
-3.227757, -1.031097, 3.928931, 0.571839, 109530
-3.496263, -0.099222, 3.817477, 0.575557, 109533
-3.051744, -1.191645, 3.793839, 0.511969, 109567
-3.623037, -0.096498, 3.897498, 0.512567, 109583
-3.454311, -1.155230, 4.256267, 0.512512, 109586
-5.947136, -1.021331, 2.660926, 0.519689, 109590
-3.299084, -0.997740, 3.667396, 0.507502, 109611
-3.620971, -0.298601, 3.500809, 0.550367, 109617
-3.637260, -0.408759, 3.800653, 0.503660, 109627
-3.801510, -0.329029, 3.823220, 0.505504, 109635
-4.877884, -0.928904, 3.218566, 0.509536, 109638
-3.866265, -0.957983, 4.143317, 0.508217, 109644
-4.069190, -0.941485, 1.954456, 0.559131, 109650
-3.979133, -1.034869, 2.079114, 0.559504, 109651
-5.957042, -1.256531, -1.122874, 0.557409, 109652
-2.995188, -1.176835, 3.950242, 0.560418, 109659
-4.213564, -1.003255, 2.341758, 0.556870, 109664
-3.266434, -1.052613, 3.905905, 0.555869, 109665
-3.553288, -0.758041, 3.704935, 0.552511, 109670
-3.578057, -0.437497, 3.717212, 0.554047, 109671
-3.745497, -0.790358, 3.859202, 0.552517, 109685
-3.675926, -1.014853, 4.021048, 0.553640, 109691
-3.433972, -1.174817, 4.409952, 0.554793, 109694
-3.796790, -1.077250, 4.205428, 0.556711, 109695
-5.867470, -1.217852, -1.424765, 0.375956, 109701
-3.121646, -1.205187, 3.392980, 0.372840, 109702
-5.296525, -1.161514, -0.270725, 0.376570, 109703
-2.942366, -1.179959, 3.766212, 0.370681, 109704
-3.624039, -0.993352, 2.688939, 0.375613, 109705
-3.570461, -0.295641, 3.754069, 0.390924, 109716
-3.647452, -0.281447, 3.799407, 0.396714, 109721
-3.642473, -0.113471, 3.935478, 0.406350, 109727
-3.674861, -0.039533, 3.954590, 0.409441, 109732
-6.078040, -0.915077, 2.578279, 0.027158, 109785
-3.614481, -1.193229, 4.319646, 0.015301, 109786
-7.077038, -1.131743, 2.037542, 0.029682, 109788
