-3.861871, -0.872738, 3.823841, 0.868690, 81843
-4.147265, -0.999096, 3.600271, 0.899792, 83068
-3.865747, -0.799574, 3.787655, 0.867030, 83394
-4.094954, -1.004917, 3.444220, 0.880622, 84891
-3.880092, -0.348623, 3.733867, 0.899509, 85205
-4.239039, -1.098916, 3.771029, 0.910415, 85483
-4.208770, -1.009219, 3.730902, 0.906889, 85485
-4.222818, -1.002758, 3.611921, 0.894824, 85602
-3.901769, -1.002583, 3.316194, 0.859435, 86566
-4.189183, -1.004961, 3.482720, 0.875660, 86889
-4.161137, -1.001543, 3.390667, 0.866300, 86973
-3.944012, -0.847844, 3.541115, 0.870948, 87138
-4.306777, -1.103423, 3.634594, 0.888513, 87158
-4.029679, -1.002319, 3.299703, 0.852709, 87499
-4.277975, -1.096321, 3.702857, 0.892326, 87570
-3.931449, -0.837526, 3.538483, 0.862254, 87763
-3.917501, -0.790105, 3.634211, 0.872456, 87828
-4.274952, -1.095030, 3.607625, 0.881292, 87846
-4.169460, -1.008925, 3.811496, 0.890984, 88238
-3.552081, -0.992562, 3.275044, 0.839528, 88389
-3.910442, -0.365416, 3.626832, 0.862136, 88573
-3.895796, -0.617905, 3.581688, 0.860447, 88574
-4.128764, -1.007804, 3.432766, 0.858743, 88591
-4.016721, -1.001248, 3.366099, 0.851660, 88716
-3.977095, -0.125571, 3.797982, 0.879051, 88846
-3.905846, -0.295939, 3.593114, 0.851439, 88856
-4.124063, -1.002948, 3.399794, 0.851544, 88864
-3.973137, -0.919638, 3.533855, 0.856395, 88903
-3.930550, -0.826579, 3.588252, 0.858307, 88951
-3.977724, -1.006717, 3.321946, 0.837475, 89119
-3.944787, -1.004431, 3.968229, 0.879797, 89154
-4.230788, -1.070896, 3.538547, 0.863131, 89301
-4.131213, -1.012632, 3.356307, 0.840429, 89498
-3.820953, -0.946446, 3.423213, 0.837222, 89535
-4.183451, -1.004624, 3.379992, 0.843991, 89548
-3.905893, -0.795825, 3.586325, 0.849320, 89720
-4.017772, -1.098601, 3.253071, 0.828710, 89825
-3.828203, -1.093804, 3.151126, 0.818187, 89891
-3.904558, -0.655533, 3.590609, 0.821326, 89957
-3.924981, -0.311421, 3.620002, 0.843171, 89977
-3.970308, -1.078028, 3.217280, 0.824431, 89988
-3.771466, -1.113656, 3.064350, 0.812460, 89994
-4.180293, -1.006504, 3.751758, 0.861817, 90038
-4.307803, -1.143253, 3.603606, 0.856265, 90053
-4.211757, -1.015484, 3.487762, 0.844116, 90064
-3.560110, -1.001043, 3.197536, 0.814274, 90072
-4.187661, -1.074523, 3.385158, 0.836985, 90073
-4.086295, -1.005901, 3.355047, 0.830611, 90074
-3.629604, -1.006779, 3.341423, 0.819573, 90138
-4.280763, -1.102312, 3.521529, 0.850776, 90139
-3.997288, -0.113361, 3.504593, 0.827445, 90244
-3.822051, -1.006162, 3.382485, 0.827380, 90409
-4.033141, -1.008890, 3.331834, 0.824317, 90527
-3.953968, -1.131426, 3.117208, 0.811804, 90591
-4.060075, -1.017854, 3.699620, 0.801708, 90614
-4.292920, -1.100904, 3.730882, 0.856325, 90703
-3.803857, -0.112212, 3.373199, 0.790453, 90725
-3.985356, -0.920679, 3.585104, 0.801969, 90772
-3.914982, -0.683192, 3.646604, 0.833944, 90846
-4.118979, -1.005836, 3.530036, 0.836027, 90862
-3.043160, -1.157950, 3.335079, 0.692952, 90868
-3.988723, -0.076661, 3.508704, 0.817108, 90874
-3.907379, -0.059577, 3.433195, 0.803434, 90882
-4.149331, -1.102434, 3.332971, 0.825196, 90885
-3.683814, -1.003460, 3.167045, 0.802035, 90892
-3.775952, -0.995809, 3.281577, 0.724356, 90975
-3.546695, -1.001982, 3.316854, 0.803016, 91090
-4.017265, -0.060896, 3.586795, 0.824189, 91144
-3.870699, -1.004357, 3.415304, 0.808863, 91190
-4.001198, -0.059272, 3.520874, 0.800756, 91195
-3.987993, -0.057646, 3.494534, 0.796511, 91200
-3.996713, -0.131782, 3.480599, 0.799093, 91237
-3.988630, -0.043781, 3.503019, 0.802201, 91288
-3.918086, -0.950359, 3.940131, 0.837677, 91321
-4.053276, -1.026208, 3.601021, 0.816557, 91396
-3.770370, -0.384276, 3.484562, 0.788107, 91397
-3.952780, -0.862548, 3.709611, 0.816710, 91474
-3.899819, -0.728816, 3.607814, 0.807115, 91482
-3.848903, -0.841786, 3.481214, 0.671078, 91683
-3.875734, -0.760566, 3.526350, 0.772766, 91690
-3.697450, -1.127941, 3.036888, 0.772929, 91708
-3.730979, -1.003685, 4.128951, 0.819858, 91716
-3.757679, -0.573555, 3.510086, 0.784217, 91749
-3.892056, -0.775760, 3.569229, 0.795846, 91820
-3.923244, -0.886072, 3.523430, 0.795498, 91822
-3.410579, -1.163688, 4.353934, 0.808756, 91853
-3.789847, -1.030364, 4.160491, 0.813055, 91854
-3.820651, -1.007215, 4.177228, 0.804105, 91897
-3.732607, -1.015720, 3.147187, 0.767575, 91941
-3.744219, -0.918561, 3.410303, 0.777389, 91976
-2.973383, -1.159534, 3.334402, 0.572467, 92028
-3.709478, -0.602996, 3.962452, 0.190051, 92048
-4.013748, -0.056901, 3.547664, 0.772004, 92078
-3.771840, -0.523531, 3.486866, 0.766008, 92126
-3.838787, -0.729564, 3.790790, 0.787496, 92162
-3.827084, -0.525445, 3.519777, 0.767691, 92248
-3.784003, -0.658309, 3.501393, 0.766949, 92249
-3.819914, -0.889747, 3.429701, 0.767727, 92254
-3.941858, -0.069354, 3.462085, 0.760839, 92258
-3.949186, -1.010972, 3.260388, 0.763162, 92278
-3.933954, -1.014845, 3.258607, 0.756373, 92347
-3.857023, -0.057559, 3.409071, 0.737202, 92348
-3.825139, -1.111705, 3.083269, 0.747156, 92357
-3.904062, -0.113218, 3.888389, 0.408584, 92377
-4.072244, -1.008343, 3.769392, 0.785280, 92385
-3.897983, -0.444440, 3.576936, 0.758299, 92407
-3.889792, -0.487250, 3.558929, 0.757098, 92408
-3.857901, -0.890708, 3.496924, 0.758530, 92413
-3.464437, -1.001344, 3.433568, 0.734502, 92420
-4.152151, -1.012052, 3.660798, 0.783476, 92462
-4.191095, -1.002766, 3.569751, 0.780242, 92473
-3.882179, -0.926760, 3.465812, 0.757064, 92484
-3.895300, -0.377740, 3.554449, 0.756594, 92544
-3.946527, -1.073298, 3.244462, 0.749683, 92562
-3.887579, -0.775971, 3.539883, 0.730988, 92601
-3.891995, -0.335729, 3.553524, 0.743197, 92604
-3.972777, -0.040628, 3.485618, 0.734658, 92608
-3.758155, -0.976552, 3.366627, 0.741545, 92611
-3.983192, -0.103233, 3.530793, 0.742000, 92642
-3.894759, -1.117032, 3.025026, 0.727796, 92662
-4.038937, -1.007091, 3.464524, 0.750635, 92738
-3.793292, -0.693602, 3.501409, 0.738172, 92741
-4.024801, -0.070089, 3.623447, 0.733376, 92780
-3.912367, -0.372939, 3.682676, 0.734815, 92781
-3.916328, -0.323585, 3.638960, 0.731508, 92786
-3.870703, -0.854208, 3.507004, 0.730001, 92795
-3.843570, -0.342133, 3.531459, 0.721348, 92797
-3.795708, -0.484618, 3.508595, 0.721047, 92800
-3.778129, -0.407259, 3.496533, 0.718617, 92802
-2.960873, -1.167725, 3.592871, 0.721904, 92805
-3.953513, -1.002158, 3.419472, 0.732102, 92816
-3.792130, -0.998592, 3.288726, 0.722631, 92817
-3.829805, -1.005279, 3.382150, 0.726755, 92819
-3.914239, -1.135715, 3.046811, 0.720356, 92829
-3.684956, -1.162693, 4.390032, 0.754483, 92846
-3.176999, -1.194344, 4.658387, 0.746518, 92850
-3.908167, -0.576938, 3.640052, 0.729680, 92871
-3.893464, -0.587735, 3.727874, 0.722970, 92881
-3.957342, -1.107539, 3.196537, 0.718856, 92907
-3.885001, -1.111281, 3.141646, 0.714502, 92910
-3.665483, -1.024327, 3.134955, 0.707909, 92915
-3.413090, -1.153685, 3.129854, 0.702092, 92918
-3.719431, -1.098871, 3.069877, 0.707975, 92924
-3.215605, -1.176860, 4.712176, 0.744590, 92936
-4.038227, -0.131766, 3.623599, 0.731647, 92957
-4.012291, -0.045376, 3.599998, 0.727262, 92961
-3.963648, -0.853778, 3.593978, 0.730148, 92966
-4.050099, -1.010119, 3.438569, 0.728465, 92973
-3.962140, -1.012712, 3.375834, 0.721750, 92979
-3.890892, -0.037698, 3.431107, 0.703443, 92988
-3.826042, -0.054676, 3.382652, 0.697131, 92994
-3.611298, -1.007627, 3.180574, 0.704559, 93001
-3.255266, -1.055558, 3.422252, 0.611622, 93003
-3.562586, -0.989062, 3.259762, 0.706341, 93008
-3.741241, -1.108300, 3.021274, 0.703189, 93009
-3.821644, -0.836134, 3.459406, 0.714972, 93036
-3.799717, -0.314799, 3.501273, 0.655117, 93038
-2.580740, -1.181810, 3.769747, 0.706994, 93042
-2.632142, -1.194901, 3.710008, 0.709306, 93044
-3.932460, -0.999903, 3.276174, 0.713295, 93048
-2.196020, -1.192418, 3.763850, 0.708157, 93049
-4.192899, -1.015611, 3.428599, 0.714950, 93090
-3.938925, -0.844250, 3.679988, 0.711712, 93093
-4.126289, -1.083057, 3.308150, 0.708900, 93099
-4.122678, -1.011010, 3.649384, 0.714525, 93127
-4.023777, -0.163787, 3.602915, 0.701302, 93134
-3.915961, -0.618364, 3.651606, 0.701221, 93135
-4.004762, -0.160055, 3.504509, 0.691683, 93147
-3.682139, -0.781213, 3.483962, 0.687434, 93154
-4.049415, -1.098356, 3.302968, 0.697601, 93155
-3.925197, -1.000296, 3.338793, 0.692721, 93157
-3.741117, -0.951370, 3.439388, 0.602632, 93170
-3.424118, -0.991774, 3.325864, 0.682073, 93174
-3.753260, -1.100026, 3.085852, 0.678438, 93182
-3.864615, -1.116698, 3.060966, 0.683813, 93183
-3.839252, -1.106847, 3.055453, 0.591959, 93184
-3.572840, -1.124839, 3.045665, 0.669553, 93189
-4.022882, -0.111079, 3.566233, 0.689271, 93217
-3.944380, -0.901059, 3.776244, 0.699522, 93219
-3.859543, -0.898962, 3.465013, 0.682884, 93229
-3.908021, -0.042010, 3.441182, 0.672488, 93234
-3.999095, -1.092781, 3.220829, 0.682222, 93241
-2.352923, -1.205937, 3.613999, 0.672472, 93249
-3.923524, -1.110503, 3.114973, 0.676930, 93253
-3.570334, -1.128096, 3.075285, 0.669803, 93265
-3.819970, -0.883403, 3.923296, 0.678761, 93288
-4.021171, -0.186589, 3.642033, 0.684115, 93295
-3.828454, -0.625153, 3.522784, 0.668881, 93309
-3.983073, -1.010076, 3.398925, 0.671589, 93311
-1.864046, -1.216986, 3.947132, 0.666839, 93330
-3.564904, -0.997469, 3.349178, 0.663984, 93331
-2.536869, -1.219262, 3.601817, 0.665033, 93333
-3.750169, -0.997205, 3.217731, 0.663754, 93336
-3.876055, -0.312596, 3.525793, 0.670533, 93382
-3.817294, -0.036573, 3.379210, 0.606580, 93392
-3.479245, -1.121104, 3.097249, 0.661802, 93398
-3.993465, -0.067035, 3.741673, 0.645530, 93408
-3.991661, -0.041560, 3.680743, 0.625326, 93413
-4.010511, -0.809726, 3.495695, 0.549065, 93417
-3.865458, -0.701728, 3.537789, 0.636739, 93419
-3.862906, -0.565158, 3.538097, 0.635476, 93420
-2.795023, -1.177945, 3.582448, 0.636739, 93433
-2.903695, -1.165222, 3.498627, 0.636743, 93435
-3.624146, -1.130739, 3.043602, 0.636779, 93442
-3.966974, -0.161269, 3.472624, 0.619745, 93468
-3.265017, -0.958370, 3.610805, 0.617045, 93484
-3.777332, -0.059616, 3.369569, 0.612949, 93487
-2.866940, -1.005177, 3.710288, 0.617396, 93490
-3.555139, -1.030239, 3.166655, 0.587440, 93494
-3.924082, -0.902890, 3.789785, 0.624955, 93504
-3.968026, -0.109771, 3.478519, 0.616454, 93511
-3.813148, -0.762111, 3.510460, 0.613914, 93512
-3.751024, -0.742143, 3.516359, 0.611220, 93513
-3.731733, -0.751553, 3.497028, 0.612481, 93515
-2.890707, -1.179780, 3.555151, 0.612343, 93522
-3.854032, -1.068441, 3.189012, 0.613149, 93524
-3.788788, -0.997589, 3.169787, 0.611626, 93529
-2.640363, -1.171479, 3.479746, 0.613323, 93530
-3.694160, -0.130794, 3.337051, 0.505597, 93532
-4.209920, -1.073478, 3.458011, 0.632447, 93552
-4.025307, -0.064815, 3.620294, 0.639857, 93555
-4.009272, -0.987063, 3.540727, 0.629851, 93559
-3.938349, -0.156868, 3.448817, 0.629281, 93560
-3.544272, -0.835086, 3.533771, 0.609116, 93562
-1.113900, -1.231924, 4.167810, 0.511609, 93573
-3.129879, -1.178413, 4.900418, 0.585571, 93583
-4.244357, -1.050146, 3.711320, 0.519950, 93587
-3.976695, -0.892175, 3.601053, 0.582265, 93597
-3.814759, -1.058774, 3.170269, 0.586581, 93621
-1.285318, -1.215969, 3.991732, 0.592365, 93623
-3.817834, -0.661554, 3.487262, 0.579230, 93629
-3.437131, -1.191105, 4.643751, 0.557659, 93632
-3.857671, -0.409252, 3.534822, 0.551525, 93645
-3.775969, -0.472469, 3.494314, 0.551049, 93648
-2.008099, -1.184691, 4.044897, 0.558666, 93657
-3.334800, -1.032033, 3.313979, 0.544216, 93664
-3.746688, -1.102533, 2.989691, 0.557710, 93672
-4.030646, -0.997337, 3.907538, 0.520690, 93681
-4.013263, -0.109644, 3.684388, 0.523909, 93687
-3.925926, -0.972261, 3.891203, 0.519485, 93688
-4.225387, -1.010578, 3.560114, 0.519680, 93696
-4.284168, -1.146129, 3.508387, 0.518026, 93698
-3.991086, -0.035543, 3.546512, 0.468371, 93711
-3.837802, -0.561048, 3.787125, 0.518756, 93716
-3.831563, -0.027351, 3.471712, 0.522301, 93730
-3.884524, -0.278098, 3.531318, 0.518573, 93731
-3.907999, -1.054046, 3.211204, 0.519786, 93741
-3.754859, -0.032505, 3.366640, 0.522814, 93747
-3.832248, -0.999602, 3.323252, 0.518239, 93748
-3.934327, -1.120878, 3.077166, 0.521227, 93750
-3.406077, -1.256348, 4.633753, 0.478681, 93768
-4.015798, -0.162730, 3.553095, 0.491327, 93790
-3.956375, -0.798973, 3.631454, 0.483078, 93791
-4.038791, -1.002517, 3.513941, 0.483740, 93798
-3.905290, -0.381371, 3.580496, 0.487368, 93799
-3.877742, -0.294239, 3.550368, 0.489690, 93803
-3.907801, -0.476519, 3.650892, 0.485554, 93810
-3.844094, -0.815094, 3.517318, 0.485313, 93813
-4.141125, -1.103596, 3.299475, 0.486995, 93814
-3.814601, -0.504186, 3.503735, 0.488173, 93816
-3.737824, -0.785111, 3.473096, 0.488371, 93819
-4.085568, -1.061139, 3.249193, 0.489146, 93821
-3.000292, -1.067727, 3.777572, 0.493357, 93826
-3.307924, -1.013930, 3.604428, 0.492098, 93827
-2.318178, -1.041348, 4.070489, 0.499358, 93829
-1.954842, -1.189796, 4.159559, 0.502186, 93832
-3.795912, -0.317035, 3.504464, 0.491593, 93833
-3.581156, -0.988181, 3.392442, 0.493628, 93835
-0.924972, -1.392545, 4.421208, 0.508487, 93842
-2.409074, -0.703828, 3.847199, 0.506853, 93844
-1.526023, -1.211266, 4.129077, 0.508164, 93845
-3.632354, -0.985132, 3.258441, 0.497746, 93846
-3.870544, -1.104731, 3.120173, 0.497212, 93849
-3.370958, -1.088392, 3.184207, 0.505345, 93858
-3.231064, -1.346369, 4.652659, 0.187954, 93865
-4.016456, -0.096235, 3.648398, 0.185424, 93871
-4.015410, -0.096984, 3.619690, 0.188149, 93874
-3.991932, -0.943573, 3.682512, 0.193254, 93876
-4.045185, -0.053601, 3.653808, 0.180957, 93879
-2.878915, -1.361857, 5.055984, 0.186779, 93880
-3.914833, -0.848526, 3.525084, 0.206855, 93884
-3.870422, -0.647147, 3.531462, 0.206765, 93885
-3.977650, -0.103546, 3.546674, 0.199217, 93889
-3.851545, -0.234505, 3.483997, 0.216701, 93893
-3.732955, -0.869525, 3.412901, 0.229284, 93900
-3.511657, -0.995580, 3.314188, 0.253118, 93910
-3.579827, -0.130326, 3.382463, 0.258269, 93915
-3.046507, -1.167955, 3.413684, 0.262904, 93922
-3.833493, -1.123039, 2.913860, 0.275893, 93925
