-4.003267, -1.000962, 4.098663, 0.917302, 75288
-3.727476, -1.005271, 4.056038, 0.936327, 77277
-3.665697, -1.001280, 4.029847, 0.937611, 77721
-3.834781, -1.010307, 4.165351, 0.925337, 78474
-3.760448, -0.798379, 3.845662, 0.920965, 78820
-3.752191, -0.827969, 3.866982, 0.921648, 78822
-3.735995, -1.007689, 4.194073, 0.923565, 79272
-3.823139, -1.149332, 4.319321, 0.919497, 79544
-3.855345, -1.152488, 4.300117, 0.915519, 79630
-3.794333, -0.339421, 3.815987, 0.906685, 80294
-3.836029, -0.999501, 3.971790, 0.903334, 80299
-3.816271, -0.846033, 3.866401, 0.899475, 80384
-3.986236, -1.094118, 4.152117, 0.897315, 80743
-3.427173, -1.012302, 3.911811, 0.917807, 80939
-4.020591, -1.154254, 4.224046, 0.896319, 81566
-4.106472, -1.145247, 4.171263, 0.891599, 81689
-3.774005, -0.353843, 3.826109, 0.903889, 81706
-4.075765, -1.092926, 4.074816, 0.888511, 81769
-4.075340, -1.153987, 4.285829, 0.897272, 81776
-3.884439, -0.837589, 3.824266, 0.893331, 81843
-3.755270, -0.905914, 3.928354, 0.899080, 82111
-4.001575, -1.003186, 3.809738, 0.883384, 82523
-3.864622, -0.605703, 3.762638, 0.887253, 82562
-4.092351, -1.133275, 4.147316, 0.886694, 82577
-4.124001, -1.092713, 3.991615, 0.880512, 82632
-3.784987, -0.143681, 3.949697, 0.902605, 82761
-3.891544, -0.910249, 3.886115, 0.884264, 82980
-3.912375, -0.335338, 3.676366, 0.874972, 83064
-4.142930, -1.005035, 3.597211, 0.863726, 83068
-3.724501, -1.153112, 4.274355, 0.899148, 83117
-3.996592, -1.000330, 4.085608, 0.883872, 83166
-4.046100, -1.010856, 3.426933, 0.863685, 83227
-4.020411, -1.046169, 4.108484, 0.881607, 83245
-4.031477, -1.014289, 4.110571, 0.879893, 83319
-3.866343, -0.791824, 3.790875, 0.872051, 83394
-4.074289, -1.010779, 4.027504, 0.870109, 83423
-3.881875, -0.506843, 3.724498, 0.873569, 83487
-3.833556, -0.992678, 3.938562, 0.875415, 83911
-3.962190, -0.681590, 3.738765, 0.288438, 83950
-4.188372, -1.143226, 4.017225, 0.860393, 84088
-3.896320, -0.795699, 3.726653, 0.862963, 84148
-4.144317, -1.146975, 4.181428, 0.867917, 84164
-3.518974, -1.003960, 3.890405, 0.874196, 84205
-3.949805, -1.055935, 3.863510, 0.705841, 84254
-3.935833, -1.010155, 3.251193, 0.840153, 84326
-4.044433, -0.995630, 3.649082, 0.851931, 84330
-4.074791, -1.033358, 4.021207, 0.859808, 84475
-3.937289, -1.012723, 3.958055, 0.861371, 84574
-4.214013, -1.103884, 3.812854, 0.830730, 84588
-4.237180, -1.139941, 3.873777, 0.848048, 84674
-3.878161, -0.688912, 3.730298, 0.848607, 84726
-4.236310, -1.149362, 4.104486, 0.848089, 84741
-3.865959, -0.687907, 3.773661, 0.853061, 84812
-3.733177, -0.771099, 3.833254, 0.855691, 84859
-3.827043, -1.079732, 2.694175, 0.826724, 84883
-4.095294, -1.005020, 3.439193, 0.837909, 84891
-4.167099, -1.092998, 3.901820, 0.843074, 84968
-3.739315, -0.982233, 3.957613, 0.848566, 85028
-3.879506, -1.091702, 4.185308, 0.851905, 85032
-3.669300, -1.004587, 4.027330, 0.855129, 85101
-4.035869, -1.086985, 4.146479, 0.849133, 85120
-4.307597, -1.149146, 3.995929, 0.836850, 85143
-3.696657, -1.067556, 4.207563, 0.856099, 85171
-3.850836, -0.996106, 4.053690, 0.847719, 85186
-4.105002, -1.105809, 4.070699, 0.840464, 85202
-3.747577, -1.012898, 3.157305, 0.803103, 85203
-3.876137, -0.352151, 3.724966, 0.829571, 85205
-3.785434, -1.099194, 2.724351, 0.827427, 85207
-3.806274, -1.136967, 2.803341, 0.827432, 85209
-3.905995, -1.145172, 2.947421, 0.827182, 85211
-3.991081, -0.943779, 3.646416, 0.832927, 85257
-3.974047, -0.985007, 3.436674, 0.829990, 85261
-3.745579, -1.071812, 2.691046, 0.819502, 85350
-3.459574, -0.959084, 3.840236, 0.844697, 85366
-3.861071, -0.551026, 3.784333, 0.836324, 85418
-3.886738, -0.767343, 3.728830, 0.832336, 85419
-3.983957, -1.087885, 4.156948, 0.841338, 85420
-3.894118, -0.250491, 3.764366, 0.835473, 85476
-4.240336, -1.096553, 3.768601, 0.821907, 85483
-4.209893, -0.999551, 3.726759, 0.821641, 85485
-3.905280, -0.763425, 3.709829, 0.799526, 85523
-3.918557, -0.322781, 3.699908, 0.813053, 85534
-4.219666, -1.011925, 3.607064, 0.817414, 85602
-4.314785, -1.137936, 3.827420, 0.818899, 85603
-4.369224, -1.154187, 3.994139, 0.820669, 85606
-4.146346, -1.138942, 3.192177, 0.723541, 85610
-4.188584, -1.144974, 4.054910, 0.825354, 85642
-4.328818, -1.138701, 3.710747, 0.814983, 85655
-4.411692, -1.148953, 3.952174, 0.816940, 85657
-4.045105, -0.991911, 3.471578, 0.804862, 85685
-4.315458, -1.112436, 3.664081, 0.808503, 85686
-4.424318, -1.143818, 3.903755, 0.808939, 85692
-3.938993, -1.141624, 4.217783, 0.833224, 85706
-3.424900, -0.912234, 3.734782, 0.823405, 85707
-4.353572, -1.145066, 3.610263, 0.812834, 85774
-3.876009, -0.766276, 3.761204, 0.812435, 85829
-4.388135, -1.128770, 3.735606, 0.804042, 85842
-3.731097, -1.034318, 3.158122, 0.797003, 85881
-3.688574, -1.000151, 3.981004, 0.823993, 85909
-3.823285, -0.348337, 3.814002, 0.822793, 85928
-3.852066, -0.382360, 3.792000, 0.820824, 85934
-3.916161, -0.790600, 3.593789, 0.811451, 85947
-4.162766, -1.005048, 3.808161, 0.811216, 85960
-4.000427, -0.154953, 3.760668, 0.817496, 85961
-4.245071, -1.101366, 3.490706, 0.806640, 85971
-4.220003, -1.096568, 3.399715, 0.806230, 85972
-3.473792, -1.005362, 3.975687, 0.819473, 85991
-3.741475, -1.072644, 4.189623, 0.821222, 85998
-3.983523, -0.956886, 3.772526, 0.807392, 86029
-3.897040, -0.394039, 3.704325, 0.811215, 86034
-4.157473, -1.129136, 4.042236, 0.810058, 86035
-3.869878, -1.103882, 2.971896, 0.801711, 86043
-2.540147, -1.190377, 3.311946, 0.790761, 86062
-3.892712, -0.370217, 3.717527, 0.791782, 86112
-3.521212, -1.044375, 2.513650, 0.786320, 86115
-4.197402, -1.138759, 4.021542, 0.790350, 86126
-4.267419, -1.093448, 3.738290, 0.781805, 86129
-4.264789, -1.092317, 3.565305, 0.786726, 86134
-3.869525, -1.141969, 4.258691, 0.797434, 86153
-3.858299, -0.477416, 3.770937, 0.792194, 86168
-3.538074, -1.049877, 2.599880, 0.786112, 86182
-3.631857, -1.036888, 2.537657, 0.786407, 86188
-4.189952, -1.021364, 3.839020, 0.752742, 86190
-2.437127, -1.175478, 3.298884, 0.791587, 86204
-3.850912, -0.283066, 3.803799, 0.797115, 86236
-2.557503, -1.203354, 3.394372, 0.789723, 86265
-3.762677, -1.108037, 4.246633, 0.756552, 86269
-3.376780, -1.027184, 2.400630, 0.767896, 86293
-3.956630, -0.991152, 3.428192, 0.782215, 86302
-2.047078, -1.197485, 2.953875, 0.780513, 86314
-3.530725, -1.023663, 4.048653, 0.788024, 86319
-3.929470, -0.987853, 3.876436, 0.590264, 86334
-3.858329, -0.663210, 3.783710, 0.783873, 86335
-3.195432, -0.998273, 1.867852, 0.778944, 86347
-3.910532, -0.114039, 3.905431, 0.782681, 86387
-3.906452, -0.558633, 3.698964, 0.773739, 86390
-3.962415, -0.113545, 3.818778, 0.779827, 86397
-4.236139, -1.002000, 3.659921, 0.773184, 86402
-3.882668, -1.131335, 4.324993, 0.782730, 86413
-3.773456, -0.519485, 3.820642, 0.780157, 86423
-3.913959, -0.989723, 3.925807, 0.776938, 86426
-3.931386, -0.114589, 3.869055, 0.785715, 86432
-3.527357, -1.055322, 2.705951, 0.772465, 86437
-3.927336, -0.747946, 3.670064, 0.775105, 86471
-3.895353, -0.736193, 3.603868, 0.774714, 86473
-3.718693, -1.109725, 2.892818, 0.772852, 86480
-4.196395, -1.164619, 3.060116, 0.774994, 86492
-4.376063, -1.145127, 3.555871, 0.770100, 86526
-3.966976, -0.160415, 3.815945, 0.765449, 86559
-3.784589, -1.069743, 3.254739, 0.541924, 86562
-3.902949, -0.993378, 3.327831, 0.759279, 86566
-3.214117, -1.020616, 2.027239, 0.760741, 86568
-4.270806, -1.116328, 3.811133, 0.761879, 86571
-4.000629, -1.118945, 3.113184, 0.761564, 86576
-3.966920, -1.137347, 4.365547, 0.763128, 86587
-4.163739, -1.185653, 4.095304, 0.759562, 86606
-3.889479, -0.582255, 3.597741, 0.756292, 86611
-3.236829, -1.059316, 2.417376, 0.726436, 86615
-4.469259, -1.148498, 3.752007, 0.762733, 86626
-3.361599, -1.039019, 3.776282, 0.746498, 86677
-3.919062, -0.569751, 3.643672, 0.737243, 86701
-3.979027, -0.117118, 3.795339, 0.758066, 86704
-4.269205, -1.143587, 3.372834, 0.753642, 86719
-3.296818, -0.964106, 3.764133, 0.728201, 86736
-3.536638, -1.092796, 2.781880, 0.735283, 86775
-3.135909, -1.017444, 2.183662, 0.735829, 86776
-2.971193, -1.009428, 1.742585, 0.737581, 86781
-3.872512, -1.096433, 3.085354, 0.737340, 86784
-1.743444, -1.172877, 2.952175, 0.714819, 86811
-2.412852, -1.166813, 3.402937, 0.716809, 86814
-1.381797, -1.215299, 2.669470, 0.714100, 86816
-2.205442, -1.201233, 3.102627, 0.716556, 86820
-3.850967, -0.817118, 3.834215, 0.725416, 86849
-3.940593, -0.110890, 3.835365, 0.733857, 86864
-3.920745, -0.991065, 3.870067, 0.725529, 86868
-3.933500, -0.830408, 3.628436, 0.726167, 86869
-4.243052, -1.137171, 3.878184, 0.729895, 86887
-4.186808, -1.014447, 3.479651, 0.730785, 86889
-3.924680, -1.013533, 3.263159, 0.721275, 86897
-2.537594, -1.162574, 3.633339, 0.705972, 86906
-3.834163, -0.105996, 3.937456, 0.578109, 86928
-3.132655, -1.016182, 3.532334, 0.327621, 86929
-4.217097, -1.139068, 4.183468, 0.721069, 86940
-4.290214, -1.153599, 4.121227, 0.721897, 86947
-2.729043, -1.027034, 1.310951, 0.720088, 86966
-4.176269, -0.976944, 3.424435, 0.722626, 86973
-4.318664, -1.151400, 3.498421, 0.724251, 86981
-4.477329, -1.142897, 3.681581, 0.725259, 86982
-1.664238, -1.185040, 2.752324, 0.683009, 86989
-3.671353, -0.197583, 3.913064, 0.653284, 86996
-4.134941, -1.140046, 4.228878, 0.698813, 87007
-3.865681, -0.514722, 3.799752, 0.697395, 87019
-3.921999, -0.290691, 3.648362, 0.369290, 87031
-3.503382, -1.111885, 2.891969, 0.697933, 87036
-4.356388, -1.144528, 3.921925, 0.704218, 87045
-2.778883, -1.035508, 1.602369, 0.702651, 87047
-4.332109, -1.130365, 3.805379, 0.704382, 87065
-1.687959, -1.236396, 3.109334, 0.643133, 87072
-2.994586, -1.165311, 3.860351, 0.647905, 87075
-3.756757, -0.973528, 4.132116, 0.656033, 87083
-3.829771, -0.985968, 4.028214, 0.658452, 87096
-3.810728, -0.875966, 3.874772, 0.659440, 87106
-3.823752, -0.796847, 3.826641, 0.660280, 87108
-3.979496, -0.854973, 3.643693, 0.667680, 87133
-3.305300, -1.085164, 2.742468, 0.557563, 87137
-3.950347, -0.830400, 3.554236, 0.668879, 87138
-3.876896, -0.354927, 3.744325, 0.665077, 87142
-4.080240, -1.018437, 3.610420, 0.664696, 87156
-4.313478, -1.091009, 3.636616, 0.680303, 87158
-4.116080, -1.100360, 3.228011, 0.681093, 87163
-3.388316, -1.000325, 1.978031, 0.681973, 87168
-4.514256, -1.093898, 3.817265, 0.682504, 87171
-4.532841, -1.133294, 3.806601, 0.684286, 87172
-0.109161, -1.188518, 2.311880, 0.617409, 87177
-0.986872, -1.023650, 2.662210, 0.620338, 87178
-1.670254, -1.187058, 3.066783, 0.622718, 87180
-4.135768, -1.136744, 4.266051, 0.646396, 87193
-3.997475, -0.998576, 3.953983, 0.645609, 87204
-4.286021, -1.122163, 3.953218, 0.656385, 87221
-2.877999, -0.997764, 2.096711, 0.653323, 87227
-4.360319, -1.151579, 3.658917, 0.664599, 87246
-4.560836, -1.160060, 3.773858, 0.668469, 87257
-2.976532, -1.120574, 3.561593, 0.608827, 87270
-3.610782, -0.974237, 3.988465, 0.613987, 87271
-4.097897, -1.138195, 4.326395, 0.623922, 87272
-3.417300, -0.909940, 3.724358, 0.584222, 87279
-3.966132, -0.963712, 4.131893, 0.621923, 87281
-3.961026, -0.991955, 3.912175, 0.625407, 87292
-4.168764, -1.136095, 3.976283, 0.633931, 87299
-3.894719, -0.529683, 3.712348, 0.627837, 87302
-3.898262, -0.465895, 3.703456, 0.628747, 87303
-4.220313, -1.136242, 3.826971, 0.639168, 87309
-2.712986, -1.059141, 1.765906, 0.637826, 87319
-4.419504, -1.150966, 3.874191, 0.647206, 87325
-4.442349, -1.151781, 3.845530, 0.648643, 87328
-3.828955, -0.159528, 3.935522, 0.600332, 87370
-3.856424, -0.369184, 3.747982, 0.606217, 87391
-3.987297, -0.967219, 3.825414, 0.606449, 87392
-3.910828, -0.598255, 3.706267, 0.607379, 87397
-3.970666, -0.926979, 3.713284, 0.608973, 87399
-3.986717, -0.944782, 3.732259, 0.609074, 87400
-3.102888, -1.087693, 2.516188, 0.379510, 87409
-3.719944, -0.968208, 3.217086, 0.614227, 87410
-3.949966, -0.236301, 3.642421, 0.501828, 87411
-2.911199, -1.046211, 2.004255, 0.620911, 87416
-4.000764, -0.777052, 3.688902, 0.611165, 87418
-4.413711, -1.143254, 3.560029, 0.634463, 87437
-0.853044, -1.161716, 2.663902, 0.498707, 87445
-2.056124, -1.240981, 3.140100, 0.507798, 87449
-4.199564, -1.144303, 4.094249, 0.549452, 87473
-4.267264, -1.143532, 4.009548, 0.558554, 87483
-4.318002, -1.156256, 4.039445, 0.561280, 87485
-3.308130, -1.070014, 2.600629, 0.563171, 87493
-4.015723, -0.117864, 3.664659, 0.561295, 87494
-3.894965, -0.728285, 3.604476, 0.480327, 87495
-4.016492, -1.007874, 3.289437, 0.572623, 87499
-4.290866, -1.114997, 3.555544, 0.579549, 87502
-4.528498, -1.132141, 3.769407, 0.586800, 87508
-4.350534, -1.141108, 3.434027, 0.587670, 87510
-1.075549, -1.139822, 3.044561, 0.439070, 87516
-1.082340, -1.189572, 2.933741, 0.445014, 87518
-3.058884, -1.120073, 3.936641, 0.454260, 87519
-1.314746, -1.179566, 3.015626, 0.446831, 87521
-2.495942, -1.134997, 3.632367, 0.450685, 87522
-3.903043, -1.081010, 4.221122, 0.475722, 87525
-3.344677, -1.023008, 3.845970, 0.467019, 87528
-3.892803, -1.015476, 4.162585, 0.477278, 87532
-3.908467, -0.837836, 3.913341, 0.485254, 87537
-3.843150, -0.302522, 3.835267, 0.455808, 87539
-3.887696, -0.430823, 3.822824, 0.420507, 87555
-3.910154, -0.370037, 3.615865, 0.506365, 87559
-4.258327, -1.134475, 3.752972, 0.522868, 87564
-4.279421, -1.100095, 3.697757, 0.526586, 87570
-3.981006, -0.108760, 3.549888, 0.520265, 87571
-4.460906, -1.149846, 3.865362, 0.533268, 87573
-4.027670, -0.116887, 3.581372, 0.521572, 87575
-4.194519, -1.057174, 3.330692, 0.536158, 87583
-4.370796, -1.173297, 3.475329, 0.541430, 87586
-3.334766, -1.054054, 2.354938, 0.526361, 87590
-3.095068, -1.099766, 4.024759, 0.375538, 87595
-0.435829, -1.070328, 2.727599, 0.361045, 87596
-3.321905, -1.085479, 4.109007, 0.380320, 87597
-2.719078, -1.059191, 3.755693, 0.376899, 87600
-3.408068, -1.064766, 4.105574, 0.384656, 87601
-3.471625, -0.997180, 4.074830, 0.388840, 87604
-4.067511, -1.127955, 4.404064, 0.409524, 87606
-2.088224, -1.134336, 3.286030, 0.381425, 87609
-3.954216, -1.118466, 4.282786, 0.408580, 87610
-3.957883, -1.116218, 4.248932, 0.411043, 87612
-2.596616, -1.121656, 3.440518, 0.390212, 87613
-3.654530, -0.962571, 3.962184, 0.405152, 87617
-4.026995, -1.089815, 4.181142, 0.420684, 87622
-3.544667, -0.351332, 3.748384, 0.407155, 87626
-4.131983, -1.094679, 4.032263, 0.437858, 87635
-3.857705, -0.340467, 3.790208, 0.424872, 87637
-3.948649, -0.127764, 3.854479, 0.283786, 87640
-4.260596, -1.212350, 4.055352, 0.450641, 87643
-4.076899, -1.085754, 4.079730, 0.430384, 87644
-3.863124, -0.293642, 3.736612, 0.430800, 87646
-3.919464, -0.975503, 3.910394, 0.424547, 87647
-4.041471, -0.949032, 3.700022, 0.445812, 87651
-3.983036, -0.886907, 3.602109, 0.446570, 87656
-4.355616, -0.959915, 3.978588, 0.428564, 87657
-3.692723, -0.879975, 3.291047, 0.444586, 87659
-3.882522, -0.340323, 3.557258, 0.446290, 87660
-3.166634, -1.104946, 2.656426, 0.448070, 87661
-3.984709, -1.015397, 3.496545, 0.453608, 87663
-4.170892, -0.991287, 3.904286, 0.445869, 87664
-3.620748, -1.065086, 3.045051, 0.453044, 87665
-4.461682, -1.186699, 3.970928, 0.471636, 87666
-3.281663, -1.099146, 2.643059, 0.453846, 87667
-2.707487, -1.025564, 1.998680, 0.455289, 87669
-2.859633, -1.070460, 2.072714, 0.458243, 87670
-2.636278, -1.021784, 1.769506, 0.460506, 87671
-4.189380, -1.042267, 3.824803, 0.453146, 87672
-4.300378, -1.168408, 3.872062, 0.461632, 87674
-4.118141, -1.030172, 3.318655, 0.473584, 87677
-4.252724, -1.138952, 3.426900, 0.478674, 87679
-3.643442, -1.111331, 2.500335, 0.478145, 87681
-4.135037, -1.177491, 3.086239, 0.483887, 87683
-4.542313, -1.163523, 3.675086, 0.488735, 87684
-3.140495, -1.097819, 2.067672, 0.469723, 87685
-2.809042, -1.144523, 3.860442, 0.297530, 87690
-2.995428, -1.112180, 3.897109, 0.302196, 87692
-4.102046, -1.122087, 4.384335, 0.328755, 87698
-3.622638, -0.976638, 4.101398, 0.314960, 87699
-3.847916, -1.097494, 4.229290, 0.321366, 87701
-1.029443, -1.192176, 2.696284, 0.306596, 87702
-3.784603, -0.998273, 4.167506, 0.319760, 87703
-4.002890, -1.150432, 4.271852, 0.330677, 87705
-1.770810, -1.253145, 2.906759, 0.316329, 87707
-3.487668, -0.981644, 3.890750, 0.322378, 87708
-3.923376, -0.982090, 4.135710, 0.162274, 87709
-3.078424, -1.124943, 3.524101, 0.326796, 87711
-3.232401, -0.737756, 3.570676, 0.329882, 87714
-3.742285, -0.807355, 3.901210, 0.332539, 87719
-3.872837, -0.868651, 3.929223, 0.339189, 87724
-4.037458, -1.022998, 4.002696, 0.349264, 87726
-4.249947, -1.158349, 4.167270, 0.360605, 87727
-3.915713, -0.830523, 3.843035, 0.347607, 87734
-4.158354, -1.099081, 3.976892, 0.362728, 87737
-4.259583, -1.148080, 4.049461, 0.368446, 87738
-3.871396, -0.561842, 3.740366, 0.351823, 87739
-3.894295, -0.609074, 3.733802, 0.353484, 87741
-4.033922, -1.014896, 3.986798, 0.349638, 87743
-4.199722, -1.189378, 3.892620, 0.372732, 87744
-4.350332, -1.154729, 3.969322, 0.381967, 87750
-3.942230, -0.902784, 3.514227, 0.372909, 87753
-3.880155, -0.906579, 3.432321, 0.373729, 87754
-3.892497, -0.754383, 3.687711, 0.356611, 87756
-4.444368, -1.142777, 3.954136, 0.391562, 87758
-2.539124, -1.049392, 1.803529, 0.386564, 87760
-3.425061, -1.120357, 2.718596, 0.385354, 87761
-4.259861, -1.014456, 3.630462, 0.393219, 87764
-3.186164, -1.029657, 2.268626, 0.395127, 87766
-3.949679, -1.132159, 3.112946, 0.397268, 87770
-4.193606, -1.054136, 3.421849, 0.399804, 87772
-4.288650, -1.106501, 3.766717, 0.387170, 87773
-3.728201, -1.101726, 2.781374, 0.400281, 87775
-2.681507, -1.002031, 1.965531, 0.386189, 87776
-2.347020, -1.096778, 0.886225, 0.408150, 87777
-4.289715, -1.145087, 3.443269, 0.405767, 87778
-2.818542, -1.014317, 1.936408, 0.392955, 87781
-2.946485, -1.089156, 1.486527, 0.411533, 87782
-3.763531, -0.910742, 3.361802, 0.000584, 87833
-4.423438, -1.160567, 3.976254, 0.023094, 87834
-3.323634, -1.100249, 2.890019, 0.005667, 87835
-4.453681, -1.145418, 3.980155, 0.026998, 87837
-3.593587, -0.684795, 3.174459, 0.007668, 87838
-3.844897, -0.317262, 3.481229, 0.007878, 87839
-4.242414, -1.016669, 3.712571, 0.023507, 87840
-3.302969, -0.981851, 2.633850, 0.027790, 87842
-1.642094, -1.407364, 0.671943, 0.048466, 87843
-3.488188, -1.077603, 2.733496, 0.034491, 87844
-4.520243, -1.112532, 3.885873, 0.046535, 87845
-4.285070, -1.069333, 3.618863, 0.041662, 87846
-4.444639, -1.122129, 3.762224, 0.049223, 87847
-3.433190, -1.079626, 2.555029, 0.044265, 87849
-3.283806, -0.463630, 2.530131, 0.006324, 87850
-3.108641, -1.016517, 2.056480, 0.054457, 87852
-4.454438, -1.128749, 3.695068, 0.056737, 87853
-4.433662, -1.142090, 3.648971, 0.058379, 87854
-4.248143, -1.111255, 3.395548, 0.058220, 87855
-4.258392, -1.036385, 3.664606, 0.032449, 87856
-3.938272, -1.282668, 2.882961, 0.021381, 87857
-1.282997, -1.416673, -0.683414, 0.083574, 87858
-3.545645, -1.063721, 2.806336, 0.034254, 87859
-3.237973, -1.061095, 1.938286, 0.069303, 87860
-4.370036, -1.153003, 3.409848, 0.071210, 87862
-4.496827, -1.144164, 3.570642, 0.073678, 87863
