-4.001777, -1.001833, 4.097890, 0.929117, 75288
-3.834650, -1.007439, 4.168150, 0.937982, 78474
-3.762700, -0.798290, 3.848030, 0.928227, 78820
-3.753338, -0.830682, 3.868164, 0.929449, 78822
-3.986800, -1.089740, 4.154555, 0.918127, 80743
-3.427794, -1.016268, 3.913054, 0.929800, 80939
-4.104232, -1.143513, 4.173362, 0.912328, 81689
-3.892400, -0.828387, 3.826449, 0.143154, 81843
-4.001581, -1.001213, 3.811475, 0.896663, 82523
-3.864487, -0.602930, 3.764793, 0.898073, 82562
-4.074152, -1.002829, 3.687249, 0.773655, 82569
-4.091166, -1.137716, 4.146015, 0.909876, 82577
-4.124568, -1.092199, 3.992804, 0.899377, 82632
-3.886107, -0.915052, 3.882952, 0.899704, 82980
-3.911167, -0.333278, 3.673683, 0.883670, 83064
-4.142165, -1.004952, 3.598083, 0.871632, 83068
-4.041584, -1.011662, 3.422036, 0.866152, 83227
-3.976548, -0.695878, 3.817076, 0.585936, 83394
-4.072815, -1.014327, 4.027374, 0.896555, 83423
-3.883101, -0.504344, 3.725332, 0.887272, 83487
-4.006047, -1.147935, 4.198616, 0.909874, 83494
-3.913039, -0.730553, 3.691364, 0.786628, 83950
-4.190485, -1.142025, 4.020372, 0.888959, 84088
-3.897904, -0.793202, 3.726415, 0.881656, 84148
-4.147646, -1.139396, 4.184660, 0.901282, 84164
-3.937721, -1.013022, 3.249485, 0.850840, 84326
-4.045237, -1.000403, 3.649586, 0.867227, 84330
-4.055978, -1.057873, 4.024498, 0.636087, 84475
-4.216344, -1.098020, 3.817188, 0.863367, 84588
-3.880160, -0.685329, 3.734781, 0.873790, 84726
-4.234836, -1.156087, 4.105430, 0.885568, 84741
-3.870723, -0.686999, 3.772967, 0.878727, 84812
-4.099427, -0.999550, 3.445332, 0.849400, 84891
-4.166605, -1.093356, 3.904248, 0.871880, 84968
-3.878444, -1.089068, 4.186739, 0.895822, 85032
-3.668640, -1.003902, 4.028253, 0.893775, 85101
-4.307916, -1.144508, 3.998763, 0.874091, 85143
-3.844969, -0.999570, 4.052077, 0.887653, 85186
-4.109339, -1.096161, 4.073434, 0.881153, 85202
-3.877861, -0.349366, 3.724003, 0.860718, 85205
-4.009939, -0.917008, 3.666899, 0.858272, 85257
-3.989328, -0.968925, 3.456232, 0.848437, 85261
-3.859096, -0.551847, 3.782822, 0.868679, 85418
-3.889261, -0.764094, 3.730706, 0.863497, 85419
-4.241935, -1.095880, 3.769356, 0.853336, 85483
-4.213201, -0.998620, 3.729019, 0.850837, 85485
-3.918309, -0.321894, 3.696703, 0.851979, 85534
-4.222024, -1.005574, 3.609948, 0.842575, 85602
-4.194517, -1.137328, 4.058268, 0.870923, 85642
-4.336675, -1.121794, 3.721350, 0.845709, 85655
-4.351249, -1.141405, 3.613223, 0.838488, 85774
-3.881207, -0.760153, 3.761547, 0.858581, 85829
-3.851751, -0.382537, 3.789243, 0.861962, 85934
-3.999171, -0.153581, 3.757965, 0.852071, 85961
-4.213572, -1.103618, 3.391551, 0.828859, 85972
-3.892030, -0.394234, 3.699028, 0.848934, 86034
-4.153690, -1.134524, 4.040717, 0.864479, 86035
-3.894455, -0.369079, 3.716136, 0.846286, 86112
-4.197719, -1.142756, 4.021953, 0.858632, 86126
-4.264471, -1.096794, 3.738013, 0.837916, 86129
-4.262307, -1.095930, 3.559753, 0.830686, 86134
-4.187080, -1.027886, 3.834157, 0.837573, 86190
-3.852740, -0.280663, 3.802468, 0.856430, 86236
-3.857370, -0.660896, 3.782968, 0.845189, 86335
-3.901319, -0.560363, 3.695171, 0.839361, 86390
-3.903316, -0.992478, 3.920842, 0.855427, 86426
-4.381975, -1.143397, 3.559794, 0.819814, 86526
-3.838765, -1.006257, 3.323693, 0.790730, 86562
-3.889678, -1.008395, 3.310185, 0.821324, 86566
-4.270363, -1.119063, 3.811841, 0.836017, 86571
-4.169275, -1.158327, 4.106207, 0.856444, 86606
-3.905412, -0.582499, 3.629328, 0.821473, 86701
-4.269216, -1.146844, 3.372103, 0.810660, 86719
-3.853693, -0.811994, 3.840037, 0.838983, 86849
-3.928611, -0.979556, 3.878702, 0.839641, 86868
-4.246139, -1.131034, 3.881322, 0.834268, 86887
-4.185691, -1.010465, 3.480990, 0.812621, 86889
-4.217002, -1.142154, 4.184258, 0.847552, 86940
-4.154618, -1.010207, 3.389320, 0.801897, 86973
-4.125024, -1.153259, 4.228166, 0.846461, 87007
-3.853229, -0.522247, 3.792128, 0.824625, 87019
-3.733673, -0.990369, 4.127805, 0.844897, 87083
-3.815790, -0.872083, 3.879768, 0.829663, 87106
-3.833450, -0.792080, 3.831149, 0.826497, 87108
-3.973372, -0.857053, 3.640691, 0.812697, 87133
-3.948434, -0.840443, 3.544465, 0.808619, 87138
-4.311595, -1.097044, 3.634243, 0.807356, 87158
-3.994785, -1.002644, 3.952175, 0.830622, 87204
-4.360744, -1.146872, 3.662551, 0.806814, 87246
-3.604580, -0.981411, 3.984674, 0.829034, 87271
-3.947692, -1.006076, 3.905853, 0.819527, 87292
-4.227785, -1.113065, 3.844792, 0.810888, 87309
-3.827622, -0.152834, 3.934663, 0.825415, 87370
-3.868189, -0.361211, 3.755868, 0.809149, 87391
-3.965428, -0.818193, 3.651111, 0.801676, 87418
-4.322347, -1.147240, 4.042593, 0.820363, 87485
-4.018019, -1.013820, 3.291015, 0.787082, 87499
-4.350980, -1.138614, 3.433687, 0.786256, 87510
-3.857448, -0.901881, 3.879637, 0.813972, 87537
-4.251185, -1.105881, 3.814943, 0.767728, 87564
-4.282687, -1.089765, 3.704061, 0.797987, 87570
-4.371110, -1.147561, 3.490169, 0.782639, 87586
-4.130672, -1.098390, 4.030695, 0.811028, 87635
-4.287258, -1.149951, 4.075391, 0.811636, 87643
-3.895536, -0.333429, 3.567640, 0.782887, 87660
-4.153511, -1.022859, 3.887386, 0.800428, 87664
-4.266550, -1.099089, 3.455618, 0.773968, 87679
-4.246635, -1.161816, 4.169531, 0.816438, 87727
-4.158957, -1.098712, 3.978186, 0.805108, 87737
-4.261838, -1.145492, 4.051891, 0.808344, 87738
-4.190482, -1.089628, 3.925258, 0.778999, 87742
-3.919859, -0.848409, 3.535491, 0.760907, 87763
-4.273956, -1.139209, 3.751665, 0.788678, 87773
-4.429828, -1.093682, 3.511102, 0.707385, 87783
-4.272794, -1.154060, 3.983047, 0.802950, 87824
-4.150843, -1.010298, 3.885559, 0.798301, 87825
-3.928065, -0.782553, 3.637614, 0.783718, 87828
-3.865148, -0.329635, 3.782080, 0.764974, 87829
-3.831661, -0.844747, 3.476277, 0.781273, 87830
-3.662823, -1.005142, 3.256740, 0.778511, 87833
-3.925922, -0.773956, 3.611659, 0.785017, 87841
-4.278615, -1.090430, 3.608531, 0.779431, 87846
-4.454834, -1.130162, 3.693641, 0.780032, 87853
-4.013831, -0.985342, 3.571520, 0.781325, 87897
-4.128659, -0.996847, 3.648192, 0.782910, 87898
-4.391068, -1.147061, 3.515796, 0.752431, 87913
-3.728736, -0.334996, 3.823006, 0.793024, 87939
-3.871097, -0.939026, 3.911953, 0.794414, 87941
-3.860855, -0.443811, 3.790170, 0.787375, 87954
-3.639668, -1.009719, 4.066669, 0.809241, 87973
-4.349771, -1.158211, 3.969997, 0.784854, 87987
-4.206898, -1.046029, 3.805433, 0.782021, 87989
-3.627412, -1.000125, 3.192033, 0.767894, 87996
-3.632494, -1.008992, 4.117076, 0.813049, 88018
-4.042691, -0.998402, 3.515141, 0.767552, 88041
-3.909095, -0.657963, 3.611178, 0.774553, 88077
-3.904491, -0.416759, 3.602103, 0.773545, 88078
-4.041732, -0.123124, 3.675274, 0.772739, 88084
-3.988335, -0.199496, 3.569109, 0.763698, 88088
-4.069420, -0.985658, 3.610771, 0.731445, 88129
-4.217914, -1.164395, 4.243878, 0.773301, 88152
-3.873645, -0.399010, 3.727842, 0.770402, 88173
-3.911380, -0.717907, 3.611084, 0.763221, 88178
-3.910011, -0.422273, 3.627085, 0.762938, 88179
-3.837609, -0.981448, 3.939632, 0.783929, 88210
-3.929636, -0.999469, 4.053255, 0.790046, 88213
-3.994831, -0.107842, 3.748710, 0.769180, 88222
-3.942165, -0.281908, 3.661358, 0.764331, 88224
-3.830275, -0.809933, 3.515174, 0.760730, 88226
-4.168958, -0.998200, 3.811163, 0.770565, 88238
-4.220181, -1.143802, 3.918643, 0.775440, 88269
-3.918463, -0.383429, 3.638699, 0.762518, 88275
-2.949399, -1.199252, 3.906634, 0.765157, 88302
-2.898637, -1.166296, 3.863707, 0.764863, 88303
-4.056951, -1.120625, 4.152602, 0.772587, 88307
-3.834176, -0.992598, 3.970901, 0.763823, 88310
-3.925311, -0.531559, 3.640340, 0.742602, 88327
-4.044182, -0.985220, 3.650584, 0.741869, 88341
-2.627633, -1.189738, 3.822382, 0.763127, 88354
-3.681480, -0.922615, 3.914517, 0.247617, 88375
-3.987315, -0.951501, 3.774502, 0.749514, 88379
-3.927733, -0.424427, 3.662364, 0.729860, 88384
-3.563371, -0.992904, 3.279283, 0.712962, 88389
-4.186477, -1.052806, 3.357256, 0.733295, 88407
-2.788548, -1.177330, 3.908388, 0.761789, 88417
-3.279635, -1.089508, 4.036725, 0.754303, 88418
-4.238627, -1.163709, 4.226081, 0.770512, 88431
-3.707268, -0.989976, 3.979973, 0.730756, 88432
-3.561512, -0.866603, 3.861294, 0.756377, 88450
-4.153499, -1.160273, 3.973209, 0.756746, 88451
-4.041278, -1.003512, 3.992618, 0.759432, 88458
-3.883009, -1.013417, 3.903519, 0.755272, 88460
-4.045712, -0.951412, 3.696524, 0.742469, 88464
-2.924644, -1.082695, 2.734229, 0.733150, 88468
-3.907957, -0.261683, 3.568473, 0.735990, 88470
-4.257789, -1.082051, 3.643319, 0.738426, 88479
-3.986132, -1.012184, 3.521845, 0.736564, 88488
-4.278503, -1.105650, 3.514065, 0.733699, 88489
-4.402895, -1.169601, 3.540732, 0.733548, 88499
-4.344510, -1.127563, 3.472500, 0.722631, 88501
-3.304416, -1.150477, 4.083180, 0.758434, 88522
-3.178494, -1.084729, 4.017799, 0.761755, 88525
-3.936068, -1.146899, 4.243032, 0.770918, 88529
-3.953646, -1.022021, 4.139261, 0.765123, 88538
-3.821623, -0.992423, 4.024218, 0.760728, 88541
-4.192588, -1.158788, 4.095528, 0.707053, 88549
-3.854055, -0.342920, 3.788273, 0.749784, 88564
-3.875728, -0.557286, 3.742140, 0.744576, 88567
-3.910804, -0.757554, 3.710192, 0.741587, 88569
-3.916668, -0.364141, 3.620008, 0.737358, 88573
-3.899906, -0.608563, 3.583711, 0.735559, 88574
-3.101460, -1.116215, 2.879865, 0.728940, 88578
-4.029708, -0.110245, 3.679393, 0.738676, 88581
-3.711501, -1.019310, 3.260413, 0.456704, 88582
-4.323249, -1.090401, 3.678370, 0.735798, 88584
-3.684626, -1.008172, 3.168870, 0.727290, 88585
-4.133085, -1.000293, 3.431175, 0.727844, 88591
-4.248305, -1.119980, 3.551966, 0.472604, 88602
-2.745845, -1.142530, 3.939017, 0.727851, 88622
-1.609792, -1.183731, 3.626158, 0.720004, 88624
-3.880924, -0.283849, 3.748851, 0.718284, 88647
-3.963062, -0.796786, 3.647696, 0.607945, 88650
-4.190051, -0.994748, 3.749668, 0.712456, 88651
-4.195892, -1.026591, 3.834733, 0.716644, 88658
-4.225320, -1.075251, 3.825464, 0.639690, 88662
-3.903879, -0.394936, 3.678964, 0.712873, 88663
-1.520753, -1.170633, 3.705086, 0.732059, 88682
-3.897043, -0.242533, 3.764514, 0.724285, 88700
-3.899856, -0.532398, 3.577296, 0.715096, 88705
-2.856177, -1.060440, 2.739067, 0.712366, 88709
-4.351566, -1.145192, 3.707154, 0.717738, 88712
-4.054103, -0.127523, 3.655241, 0.715519, 88713
-4.020295, -0.994103, 3.373394, 0.711430, 88716
-4.013898, -0.115267, 3.562562, 0.711862, 88719
-2.751860, -1.048599, 2.658559, 0.707360, 88754
-4.017035, -0.074200, 3.592474, 0.710511, 88759
-4.359418, -1.139096, 3.397959, 0.705066, 88768
-4.324477, -1.139311, 3.508408, 0.708586, 88772
-3.828944, -1.098884, 4.235216, 0.732219, 88775
-4.054964, -0.866233, 4.077544, 0.402321, 88782
-3.694871, -0.916413, 3.919064, 0.719550, 88785
-3.940759, -0.109803, 3.869352, 0.723958, 88787
-3.971549, -1.001083, 3.861782, 0.714263, 88788
-3.969726, -0.951093, 3.505653, 0.699702, 88803
-2.943711, -1.267823, 2.825160, 0.696937, 88804
-3.841511, -0.356157, 3.557185, 0.678764, 88809
-3.973154, -1.111333, 4.192770, 0.644216, 88833
-3.366272, -1.051078, 3.993171, 0.641080, 88835
-3.976871, -0.114005, 3.791556, 0.647137, 88846
-3.902442, -0.336187, 3.592734, 0.638538, 88854
-3.908803, -0.297931, 3.589996, 0.638993, 88856
-4.118530, -1.007615, 3.394731, 0.636938, 88864
-4.021495, -1.023400, 4.116788, 0.647222, 88880
-3.941436, -0.951071, 3.518018, 0.634511, 88903
-4.269978, -0.986001, 3.642500, 0.638249, 88908
-4.228600, -1.007991, 3.555480, 0.637517, 88909
-4.435422, -1.142402, 3.655195, 0.639608, 88911
-4.281972, -1.217354, 3.472594, 0.405122, 88913
-3.518852, -1.022099, 4.058985, 0.643300, 88929
-3.049237, -1.136749, 3.859726, 0.637006, 88933
-3.961270, -0.111173, 3.815856, 0.648228, 88946
-4.010437, -0.916012, 3.743991, 0.636232, 88948
-3.948615, -0.808822, 3.600072, 0.628900, 88951
-4.155391, -1.005705, 3.654802, 0.636830, 88954
-4.160973, -1.012173, 3.806197, 0.638678, 88955
-3.975153, -0.105069, 3.531366, 0.640343, 88958
-3.882448, -0.118805, 3.895360, 0.631236, 88983
-3.813664, -0.840635, 3.892968, 0.623509, 88987
-3.848957, -0.902023, 3.906510, 0.623637, 88988
-3.725614, -0.371055, 3.822402, 0.621720, 88990
-3.901888, -0.603146, 3.731514, 0.623555, 88999
-3.932417, -0.468541, 3.645708, 0.625390, 89002
-2.610534, -1.052446, 2.696959, 0.627335, 89008
-4.255041, -1.079595, 3.504714, 0.631006, 89025
-3.527596, -0.896317, 3.842490, 0.574596, 89040
-3.900938, -0.098003, 3.877622, 0.593606, 89041
-4.288750, -1.119134, 3.951859, 0.590310, 89048
-4.005138, -0.099350, 3.630017, 0.598716, 89060
-3.861923, -1.004982, 3.410334, 0.013498, 89061
-4.060200, -1.022429, 3.590531, 0.591799, 89064
-4.362033, -1.121385, 3.622577, 0.598132, 89069
-1.190060, -1.067955, 3.808227, 0.420891, 89079
-1.407251, -1.118049, 3.797534, 0.422677, 89080
-2.263380, -1.113588, 3.876303, 0.425095, 89081
-3.816134, -0.930268, 3.930345, 0.443442, 89087
-4.038142, -1.017971, 3.562304, 0.476258, 89106
-3.743925, -0.339669, 3.452097, 0.297903, 89108
-3.539934, -1.016665, 3.189500, 0.480517, 89110
-4.023665, -0.113348, 3.603472, 0.485570, 89111
-2.823423, -1.171703, 2.608456, 0.487803, 89117
-4.247997, -1.092330, 3.502513, 0.491189, 89118
-3.960320, -1.026921, 3.305125, 0.490330, 89119
-4.334137, -1.155407, 3.489024, 0.495433, 89123
-4.377832, -1.178701, 3.360172, 0.500959, 89128
-2.628667, -1.123033, 4.123255, 0.418960, 89136
-1.439318, -1.100698, 3.881882, 0.420303, 89140
-2.829168, -1.130776, 4.061218, 0.423171, 89142
-0.899273, -1.021546, 3.706919, 0.422571, 89145
-1.752713, -1.068654, 3.643726, 0.430472, 89147
-3.958056, -0.990395, 3.962300, 0.446876, 89154
-3.924589, -0.125250, 3.902574, 0.454792, 89155
-4.047671, -1.132916, 4.076441, 0.445712, 89161
-3.972855, -0.156930, 3.815737, 0.463110, 89167
-3.915531, -0.324177, 3.624870, 0.472822, 89177
-3.870583, -0.400532, 3.556978, 0.474885, 89181
-2.673491, -1.143200, 2.804695, 0.475444, 89183
-4.232263, -1.086558, 3.439906, 0.494098, 89188
-3.493016, -1.074389, 4.186687, 0.392022, 89201
-1.471546, -1.136946, 4.006773, 0.378707, 89202
-3.066683, -1.178564, 4.154356, 0.387231, 89203
-2.808515, -1.103856, 4.108672, 0.385916, 89204
-0.257456, -1.269784, 3.871832, 0.377639, 89205
-4.040479, -1.126529, 4.225821, 0.406356, 89207
-2.602483, -1.129181, 4.061738, 0.385209, 89209
-3.189010, -1.149661, 4.114379, 0.390553, 89210
-4.282259, -1.153744, 4.192554, 0.421393, 89213
-3.998603, -1.069736, 4.154809, 0.407899, 89220
-3.668199, -0.834755, 3.930417, 0.267698, 89221
-3.450053, -0.995088, 3.988469, 0.399729, 89224
-4.092820, -1.065631, 4.079016, 0.416712, 89225
-2.661729, -1.144835, 3.829382, 0.395666, 89226
-3.935634, -0.929053, 3.851829, 0.421101, 89229
-3.836033, -0.328100, 3.530241, 0.447500, 89242
-2.888970, -1.205259, 2.911578, 0.447237, 89243
-3.740065, -0.982736, 3.324034, 0.453543, 89245
-2.808776, -1.188519, 2.805887, 0.450804, 89246
-3.996110, -0.171078, 3.577756, 0.455599, 89247
-4.385756, -1.181809, 3.564813, 0.471321, 89249
-3.951271, -1.021268, 3.348797, 0.462503, 89250
-3.588473, -1.187956, 2.971606, 0.469339, 89255
-3.964784, -0.078617, 3.485780, 0.448072, 89256
-2.475406, -1.065159, 4.232459, 0.264625, 89263
-3.757411, -1.114284, 4.273093, 0.285428, 89264
-3.944114, -1.133726, 4.277948, 0.292620, 89265
-1.651430, -1.099445, 4.146148, 0.264027, 89266
-3.917696, -1.130498, 4.260051, 0.293370, 89268
-4.022282, -1.126365, 4.264802, 0.297286, 89269
-2.457092, -1.054682, 4.149823, 0.270359, 89270
-2.895350, -1.224916, 4.202186, 0.275514, 89271
-3.333678, -1.134820, 4.217740, 0.280349, 89272
-0.401705, -1.091321, 4.003635, 0.265006, 89273
-1.359886, -1.108325, 4.065208, 0.266657, 89274
-2.799214, -1.173581, 4.162795, 0.276204, 89275
-0.846115, -1.065166, 3.995349, 0.267862, 89276
-3.833243, -1.063424, 4.200317, 0.293479, 89277
-3.884823, -0.104999, 3.847067, 0.321055, 89287
-3.893379, -0.977033, 3.985147, 0.313675, 89288
-3.937213, -0.737676, 3.672812, 0.345599, 89293
-4.473259, -1.144004, 3.713404, 0.388080, 89296
-3.382479, -1.063915, 3.179621, 0.006277, 89369
-2.602978, -1.255552, 2.765446, 0.006224, 89371
-4.303590, -1.152205, 3.544848, 0.047363, 89372
-4.316264, -1.147389, 3.513989, 0.054472, 89373
-2.016523, -1.037073, 2.386364, 0.018761, 89375
-4.245938, -1.112592, 3.407243, 0.064521, 89378
-4.150822, -1.064824, 3.357690, 0.061543, 89379
-4.314117, -1.164867, 3.375160, 0.076758, 89381
-3.829447, -0.970747, 3.356842, 0.020338, 89439
-1.931579, -1.163625, 2.429146, 0.013850, 89440
-4.220772, -1.100322, 3.618087, 0.021133, 89441
-4.201234, -1.017659, 3.612315, 0.017898, 89442
-3.418355, -1.186780, 2.992317, 0.038729, 89444
-3.119953, -1.211862, 2.794405, 0.039989, 89446
-3.725801, -1.158919, 3.025623, 0.063652, 89447
-4.294652, -1.143454, 3.328159, 0.081853, 89448
