-3.294213, -0.992923, 3.939293, 0.746399, 70183
-3.289486, -1.003746, 3.852949, 0.787973, 71343
-3.302149, -1.001142, 3.655393, 0.853972, 72265
-3.515867, -0.996703, 3.954008, 0.935435, 72819
-3.668194, -1.000073, 4.031515, 0.920823, 73083
-3.582910, -0.999314, 3.983656, 0.929723, 73193
-3.473150, -1.000708, 3.974442, 0.934612, 73209
-3.335069, -1.007318, 3.818695, 0.742928, 73327
-3.576307, -0.798278, 3.746305, 0.742916, 74149
-3.565837, -0.815305, 3.656984, 0.745861, 74267
-3.468972, -1.162095, 4.202451, 0.902787, 74439
-4.004093, -1.013126, 4.092921, 0.872680, 75288
-3.451005, -0.994302, 3.907217, 0.929363, 75429
-3.455994, -0.996972, 3.987962, 0.921907, 75832
-3.676004, -1.089095, 4.201256, 0.892820, 75928
-3.552939, -0.801768, 3.745889, 0.925089, 75990
-3.521939, -0.873070, 3.780355, 0.925246, 75994
-3.518130, -0.897851, 3.808918, 0.924088, 75997
-3.611420, -1.091188, 4.165069, 0.892651, 76145
-3.595679, -0.593146, 3.769944, 0.920550, 76227
-3.319448, -0.988752, 3.604396, 0.930196, 76319
-3.491069, -1.147363, 4.161590, 0.908890, 76372
-3.292274, -0.997529, 3.816481, 0.930271, 76566
-3.668880, -0.523649, 3.800768, 0.908646, 76572
-3.588793, -0.847122, 3.820191, 0.911715, 76816
-3.724871, -0.881143, 3.904572, 0.901316, 76832
-3.681056, -0.341553, 3.811823, 0.901978, 76963
-3.816227, -1.000282, 4.024892, 0.890768, 76975
-3.717079, -0.518248, 3.831307, 0.898252, 77120
-3.414823, -1.005702, 3.785023, 0.916197, 77252
-3.673072, -0.424288, 3.810454, 0.900091, 77259
-3.726629, -0.996403, 4.062569, 0.890818, 77277
-3.526324, -0.949753, 3.856291, 0.906674, 77398
-3.492164, -1.088529, 4.122744, 0.900715, 77424
-3.619240, -0.361433, 3.776189, 0.903253, 77505
-3.469443, -1.001261, 3.428154, 0.916665, 77561
-3.631932, -0.785744, 3.796336, 0.898794, 77681
-3.627455, -0.397927, 3.782355, 0.900330, 77685
-3.671891, -1.005104, 4.029173, 0.888919, 77721
-3.601310, -1.145972, 4.232112, 0.886105, 77822
-3.555342, -1.005712, 3.937334, 0.893123, 77899
-3.652579, -0.404857, 3.796826, 0.890687, 77900
-3.661740, -0.283700, 3.796832, 0.890093, 77903
-3.561800, -1.158136, 4.284906, 0.883972, 77940
-3.646559, -1.150851, 4.307410, 0.878144, 77944
-3.700305, -0.379283, 3.812137, 0.882712, 78010
-3.928056, -0.998874, 4.083733, 0.866256, 78038
-3.623195, -1.141321, 4.205811, 0.880801, 78040
-3.460469, -1.155557, 4.257126, 0.888976, 78042
-3.692811, -1.090446, 4.232725, 0.875125, 78049
-3.712525, -1.136921, 4.247372, 0.872423, 78050
-3.608578, -1.153185, 4.310573, 0.877561, 78161
-3.533061, -0.929059, 3.829647, 0.888239, 78216
-3.420134, -0.989878, 3.690186, 0.894077, 78318
-3.714351, -0.948197, 3.913637, 0.872777, 78331
-3.320116, -1.032257, 3.978030, 0.893279, 78433
-3.486403, -1.152224, 4.281462, 0.876992, 78467
-3.837006, -1.014795, 4.159840, 0.857687, 78474
-3.242402, -1.007560, 3.597161, 0.895773, 78503
-3.403671, -1.002195, 3.936093, 0.885704, 78545
-3.640998, -0.551851, 3.783998, 0.874287, 78553
-3.794570, -1.000693, 4.068319, 0.860657, 78582
-3.320970, -1.119230, 3.269619, 0.374451, 78634
-3.402520, -1.037944, 4.020619, 0.879208, 78688
-3.717554, -0.430943, 3.829338, 0.854626, 78697
-3.713458, -0.970320, 3.965863, 0.862660, 78701
-3.171693, -1.157704, 3.849148, 0.751313, 78776
-3.539251, -0.681636, 3.664766, 0.632435, 78790
-3.700440, -0.639043, 3.823400, 0.855214, 78818
-3.762167, -0.795692, 3.851678, 0.852314, 78820
-3.755465, -0.822571, 3.875041, 0.852197, 78822
-3.526041, -0.996184, 3.375245, 0.870530, 78886
-3.302536, -1.006642, 3.771469, 0.877574, 78898
-3.251453, -1.165199, 4.041192, 0.876742, 78920
-3.325038, -1.164226, 4.134619, 0.870709, 78936
-3.722519, -0.836477, 3.873686, 0.848725, 78942
-3.695868, -0.947845, 3.944913, 0.849532, 78947
-3.859144, -0.938271, 3.916006, 0.841550, 78954
-3.595117, -1.006762, 4.089371, 0.852678, 78955
-3.880834, -1.101884, 4.182041, 0.835371, 78980
-3.685061, -1.153288, 4.339741, 0.842276, 78990
-3.168080, -1.175771, 4.013971, 0.872934, 79036
-3.433746, -1.174867, 4.119852, 0.858936, 79062
-3.706629, -0.906675, 3.917207, 0.844661, 79065
-3.624973, -0.970457, 3.916347, 0.850212, 79072
-3.530493, -1.142507, 4.155668, 0.852311, 79086
-3.699853, -1.011273, 4.073164, 0.833358, 79178
-3.278593, -0.994330, 3.590394, 0.862552, 79211
-3.596422, -0.362488, 3.757056, 0.838241, 79242
-3.740630, -0.758493, 3.846861, 0.824522, 79250
-3.680556, -1.039647, 4.174775, 0.821802, 79270
-3.733399, -0.994929, 4.203662, 0.812294, 79272
-3.358464, -0.997903, 3.679817, 0.855094, 79302
-3.648694, -0.662764, 3.796887, 0.831809, 79324
-3.753502, -0.861779, 3.899979, 0.822924, 79337
-3.460573, -0.940556, 3.672075, 0.848590, 79383
-3.563706, -1.004209, 4.066098, 0.832143, 79407
-3.688044, -1.154778, 4.265766, 0.821358, 79426
-3.850616, -1.136295, 4.240977, 0.812805, 79432
-3.684347, -1.080262, 4.175079, 0.822748, 79435
-3.936497, -1.159560, 4.275968, 0.807130, 79446
-3.548865, -1.002018, 3.260908, 0.840201, 79472
-3.516253, -1.011746, 3.884863, 0.829673, 79497
-3.742660, -1.005188, 4.173683, 0.809293, 79523
-3.826085, -1.161386, 4.314466, 0.805057, 79544
-3.868727, -1.153316, 4.321193, 0.802275, 79546
-3.534693, -1.158802, 4.147295, 0.812972, 79595
-3.815387, -0.864129, 3.885406, 0.797170, 79600
-3.774051, -1.173883, 4.362003, 0.781364, 79631
-3.808979, -1.168863, 4.369361, 0.790254, 79635
-3.546498, -0.830373, 3.761733, 0.813433, 79667
-3.823125, -0.802527, 3.824856, 0.794854, 79691
-3.890260, -1.007547, 4.158401, 0.567818, 79717
-3.953380, -1.163726, 4.295026, 0.784518, 79728
-3.409787, -0.989272, 3.698043, 0.816069, 79769
-3.259771, -1.174551, 4.003450, 0.823543, 79773
-3.224074, -1.188981, 4.066741, 0.729038, 79774
-3.574316, -0.341396, 3.649763, 0.807932, 79782
-3.259173, -1.166699, 4.150499, 0.724986, 79787
-3.458542, -1.172149, 4.278090, 0.810702, 79805
-3.810965, -0.442556, 3.805076, 0.788701, 79810
-3.802317, -0.935187, 3.932454, 0.792620, 79812
-3.515115, -1.155996, 4.284507, 0.807057, 79814
-3.612245, -1.154226, 4.277583, 0.801198, 79825
-3.728601, -0.191330, 3.921220, 0.786608, 79826
-3.630194, -0.630986, 3.784559, 0.779561, 79887
-3.752579, -0.469214, 3.837663, 0.697951, 79897
-3.615257, -1.054255, 4.130285, 0.783941, 79898
-3.710144, -0.669679, 3.827541, 0.777169, 79907
-3.744663, -1.021661, 4.114415, 0.676752, 79914
-3.217118, -1.169132, 4.166024, 0.790226, 79981
-3.660037, -0.768666, 3.798764, 0.757955, 79995
-3.669171, -0.914348, 3.884877, 0.758307, 79999
-3.505478, -1.104196, 4.058113, 0.727274, 80007
-3.959599, -0.855534, 3.681284, 0.545216, 80008
-4.078504, -1.008262, 3.765107, 0.744724, 80021
-3.643801, -1.165483, 4.331694, 0.761761, 80029
-3.517018, -1.127688, 2.966772, 0.774786, 80063
-3.216685, -1.166925, 4.022461, 0.789818, 80072
-4.492538, -1.160316, 3.252365, 0.745606, 80112
-3.576796, -1.009797, 2.572990, 0.779259, 80143
-3.679914, -0.562835, 3.787674, 0.760183, 80174
-3.836531, -1.007840, 3.929409, 0.756341, 80190
-3.537228, -1.046680, 2.601890, 0.757860, 80251
-3.178222, -1.182220, 3.937959, 0.770778, 80263
-3.466249, -0.984785, 3.439632, 0.736142, 80273
-3.743065, -0.348524, 3.839085, 0.727351, 80291
-3.804423, -0.343963, 3.808983, 0.724927, 80294
-3.830457, -0.982562, 3.986166, 0.731501, 80299
-4.644360, -1.105625, 3.038058, 0.727128, 80300
-3.650404, -1.011080, 4.112054, 0.738901, 80312
-3.456221, -1.041606, 2.594923, 0.735078, 80337
-3.525310, -1.014894, 2.547381, 0.732323, 80338
-3.402082, -1.139807, 2.853648, 0.735625, 80339
-3.363768, -0.997675, 3.471982, 0.733421, 80343
-3.218700, -1.161927, 4.199812, 0.743084, 80352
-3.255286, -1.172531, 4.218215, 0.739843, 80356
-3.277467, -1.176708, 4.242641, 0.737866, 80361
-3.633610, -1.011530, 3.950947, 0.705776, 80381
-3.820328, -0.850620, 3.864558, 0.690684, 80384
-3.915580, -1.014014, 3.905497, 0.688297, 80390
-4.524515, -1.157719, 3.287744, 0.681983, 80396
-4.275395, -1.013517, 3.650556, 0.671016, 80401
-4.315709, -1.132406, 3.708378, 0.677942, 80405
-4.036026, -1.133406, 4.161418, 0.679254, 80417
-3.471013, -0.958240, 2.284843, 0.746748, 80425
-3.235489, -1.166406, 4.134407, 0.640074, 80441
-3.429909, -1.159616, 4.270678, 0.733144, 80473
-3.711405, -0.799141, 3.827045, 0.711713, 80480
-3.720067, -0.339921, 3.815427, 0.706270, 80493
-3.609299, -1.069897, 4.126624, 0.713599, 80494
-3.754880, -1.034892, 4.187163, 0.718462, 80517
-3.542722, -1.009546, 2.214871, 0.761365, 80537
-3.495984, -1.021278, 2.392605, 0.761876, 80538
-3.715617, -1.010335, 4.022310, 0.686203, 80556
-4.338003, -1.144702, 3.045633, 0.517567, 80652
-3.807210, -1.083498, 4.205453, 0.672912, 80662
-3.989041, -1.112641, 4.146235, 0.662851, 80663
-3.667506, -0.847891, 3.830324, 0.688666, 80722
-4.006027, -1.159945, 4.265431, 0.658176, 80741
-3.984198, -1.102123, 4.153032, 0.661952, 80743
-3.508858, -1.116347, 2.903563, 0.721018, 80774
-3.340684, -1.163552, 4.261073, 0.734087, 80884
-3.427816, -1.005079, 3.910598, 0.710881, 80939
-3.810253, -1.005680, 4.130364, 0.705659, 80998
-3.865921, -0.252103, 3.801275, 0.452481, 81089
-3.590877, -1.164654, 4.330585, 0.689506, 81145
-3.286003, -1.172887, 4.054410, 0.723345, 81196
-3.717509, -0.499835, 3.805298, 0.670227, 81208
-3.789482, -1.146138, 4.223869, 0.673991, 81214
-3.617586, -0.738282, 3.772381, 0.693070, 81232
-3.629813, -0.282105, 3.771796, 0.690501, 81251
-4.028229, -1.097162, 4.107999, 0.629887, 81258
-3.225055, -1.167820, 4.230786, 0.743726, 81273
-3.565933, -0.703216, 3.674880, 0.720001, 81277
-3.344814, -1.158581, 4.293596, 0.732513, 81281
-3.820466, -0.717145, 3.749980, 0.698460, 81287
-3.912657, -1.014849, 3.900136, 0.693481, 81295
-3.307256, -1.175319, 4.247989, 0.736257, 81319
-3.537746, -0.819031, 3.626212, 0.744513, 81378
-3.724464, -1.098718, 4.222488, 0.724394, 81395
-3.817708, -0.503739, 3.809824, 0.716523, 81397
-3.902990, -1.131876, 4.228404, 0.715069, 81398
-3.668566, -0.641188, 3.805702, 0.714332, 81407
-3.672000, -0.479975, 3.799775, 0.713315, 81408
-3.718077, -0.664460, 3.834207, 0.710584, 81409
-3.558678, -0.983515, 4.069213, 0.720402, 81412
-3.945982, -0.998773, 3.971368, 0.701752, 81418
-3.605117, -1.003067, 2.042042, 0.724075, 81449
-3.934709, -1.016236, 4.039604, 0.662150, 81472
-3.243920, -1.157770, 3.976988, 0.760200, 81528
-3.593271, -1.008689, 3.924304, 0.734817, 81541
-3.975697, -0.993778, 3.896100, 0.715430, 81562
-4.025555, -1.158032, 4.224490, 0.708387, 81566
-3.724753, -0.367839, 3.825924, 0.706285, 81590
-3.833066, -1.156369, 4.351612, 0.700285, 81598
-3.366989, -1.093974, 4.025762, 0.704630, 81609
-4.840501, -1.150321, 2.535493, 0.662937, 81630
-3.321339, -0.985969, 3.961929, 0.729001, 81654
-3.812833, -1.145842, 4.240132, 0.603980, 81681
-4.097754, -1.136158, 4.178838, 0.673352, 81689
-3.779438, -0.362570, 3.814989, 0.713893, 81706
-3.320019, -1.164663, 4.101171, 0.720356, 81731
-3.444254, -1.001002, 4.002894, 0.712100, 81739
-3.648430, -0.352659, 3.780317, 0.699850, 81748
-3.750840, -0.748779, 3.832446, 0.691804, 81759
-3.996508, -1.005834, 3.949959, 0.687394, 81762
-4.068460, -1.084438, 4.093498, 0.555566, 81769
-4.064885, -1.139437, 4.294711, 0.680433, 81776
-3.743934, -1.116829, 4.246840, 0.643741, 81802
-3.895961, -0.200850, 3.864969, 0.624930, 81807
-4.114408, -1.129172, 4.086888, 0.626505, 81813
-4.038301, -1.173049, 4.314031, 0.624212, 81815
-3.213168, -1.173485, 3.975442, 0.710776, 81820
-3.253462, -1.167939, 4.254485, 0.708618, 81827
-3.295817, -1.186322, 4.280722, 0.705062, 81830
-3.658601, -0.382369, 3.790514, 0.678575, 81834
-3.622384, -0.970660, 3.910271, 0.682366, 81835
-3.735424, -1.168011, 4.368712, 0.671943, 81842
-3.879059, -0.843376, 3.810398, 0.668305, 81843
-4.057423, -1.017968, 4.008771, 0.657189, 81846
-3.872135, -1.006397, 3.986136, 0.667199, 81847
-3.974935, -1.157640, 4.195319, 0.659726, 81849
-3.104332, -1.174296, 3.746858, 0.740756, 81856
-3.514938, -1.020199, 1.814857, 0.729275, 81859
-3.420219, -1.010312, 2.455014, 0.729918, 81860
-3.184422, -1.174434, 4.155087, 0.735873, 81864
-4.246605, -1.056714, 3.569372, 0.695607, 81885
-4.657763, -1.106015, 2.950117, 0.672237, 81922
-3.903044, -0.764950, 3.759665, 0.590517, 81925
-3.827413, -0.338072, 3.808842, 0.669976, 81926
-3.312826, -1.058986, 2.764852, 0.646595, 81941
-3.338249, -1.121184, 2.808853, 0.644708, 81943
-3.426740, -1.158453, 4.317715, 0.630234, 81958
-4.545782, -1.156042, 2.857707, 0.595939, 81972
-4.999772, -1.131601, 2.128244, 0.595272, 81973
-4.819942, -1.212586, 2.458064, 0.595366, 81974
-4.554430, -1.147425, 3.172114, 0.590434, 81979
-4.232635, -1.112813, 3.898280, 0.583318, 81983
-3.364720, -0.997250, 2.373892, 0.646170, 81988
-3.618217, -1.012680, 2.191838, 0.636182, 81995
-3.564560, -0.760197, 3.714996, 0.463883, 82015
-4.993848, -1.123227, 1.981753, 0.597237, 82019
-4.445968, -1.147801, 3.193927, 0.593028, 82023
-3.203681, -1.169232, 3.231634, 0.654522, 82036
-3.496481, -0.874141, 3.702389, 0.634923, 82047
-4.712264, -1.128431, 2.424821, 0.612776, 82061
-4.255516, -1.026689, 3.726027, 0.569281, 82065
-4.397545, -1.158413, 3.601924, 0.605115, 82066
-3.208338, -1.050062, 2.488346, 0.667767, 82071
-3.395496, -0.967106, 1.260169, 0.664694, 82073
-3.253121, -1.155813, 2.795359, 0.666402, 82075
-3.180622, -1.196784, 4.220710, 0.669855, 82079
-3.528191, -1.056127, 3.126730, 0.656758, 82082
-3.505753, -0.843301, 3.656341, 0.655383, 82085
-3.509996, -1.052179, 2.815247, 0.658724, 82088
-3.414525, -1.170345, 4.168555, 0.659839, 82089
-3.447988, -0.980306, 3.307686, 0.659460, 82090
-3.509944, -0.446505, 3.787891, 0.455618, 82100
-3.753047, -0.917479, 3.921596, 0.643839, 82111
-3.839135, -1.157230, 4.279910, 0.643002, 82123
-3.821371, -0.976929, 3.947461, 0.642552, 82124
-3.931437, -1.173026, 4.418841, 0.638110, 82128
-3.261828, -0.990367, 2.402733, 0.605068, 82131
-3.168878, -1.202977, 3.272470, 0.607890, 82132
-3.568701, -0.742255, 3.688235, 0.564192, 82147
-3.511733, -1.175332, 4.248918, 0.600313, 82157
-3.895265, -0.955661, 3.891665, 0.578912, 82162
-3.906026, -0.228618, 3.843647, 0.584846, 82168
-4.025218, -1.170364, 4.351488, 0.518254, 82175
-3.306457, -0.999430, 3.745754, 0.545979, 82181
-3.676956, -1.160714, 4.300215, 0.526902, 82198
-3.866844, -0.930223, 3.850950, 0.516853, 82200
-4.305144, -1.152870, 3.102435, 0.517553, 82203
-4.723852, -1.108339, 2.356035, 0.518073, 82205
-4.152355, -1.009009, 3.601447, 0.522054, 82208
-3.383336, -1.144493, 4.095322, 0.576002, 82219
-3.666843, -0.827644, 3.854273, 0.556909, 82231
-4.918080, -1.162173, 2.738931, 0.552894, 82246
-3.248071, -0.986740, 3.799054, 0.506260, 82259
-3.349542, -1.053452, 2.702682, 0.609648, 82260
-3.527871, -0.990128, 2.513016, 0.606966, 82262
-3.666584, -0.597159, 3.796437, 0.599115, 82279
-3.926311, -0.992181, 3.886200, 0.597071, 82287
-4.015246, -0.882396, 3.659469, 0.597141, 82288
-4.564581, -1.128341, 2.592693, 0.593544, 82289
-4.796752, -1.145524, 2.140916, 0.601479, 82290
-3.958158, -1.169950, 4.360790, 0.567810, 82298
-4.013019, -1.183800, 4.380160, 0.596207, 82299
-3.172017, -1.044272, 2.371200, 0.533412, 82303
-3.182263, -1.078426, 2.749797, 0.533788, 82304
-3.219984, -1.078392, 2.686058, 0.533338, 82308
-3.200253, -1.166133, 2.835391, 0.533906, 82309
-3.192497, -1.093789, 3.705025, 0.535566, 82310
-3.348660, -1.120761, 2.573529, 0.532079, 82316
-3.552330, -0.231959, 3.744291, 0.528424, 82321
-3.699537, -0.281630, 3.814933, 0.523548, 82330
-3.613126, -0.803930, 3.821503, 0.515904, 82337
-3.211697, -0.905104, 1.413620, 0.470072, 82343
-3.253979, -0.768025, 1.596497, 0.469877, 82344
-3.204342, -0.977842, 1.899302, 0.471040, 82345
-3.227573, -0.966258, 2.139259, 0.471030, 82346
-3.421919, -0.991133, 2.084333, 0.468450, 82357
-3.398223, -1.170864, 4.320834, 0.467983, 82364
-3.396929, -0.991737, 3.499342, 0.466659, 82366
-4.224449, -1.113447, 3.130788, 0.457011, 82377
-3.753121, -0.289790, 3.838438, 0.456112, 82380
-4.033672, -1.009457, 3.908306, 0.456124, 82381
-5.096311, -1.140795, 1.879813, 0.461522, 82383
-4.103027, -1.049962, 3.934663, 0.457109, 82385
-3.910961, -0.161970, 3.906968, 0.451377, 82389
-4.121584, -1.084113, 4.034863, 0.457334, 82390
-3.106146, -1.163050, 3.278310, 0.539388, 82396
-3.150218, -1.012914, 2.298725, 0.535887, 82398
-3.158358, -0.986020, 2.566884, 0.536448, 82399
-3.229048, -0.946600, 1.801548, 0.534259, 82401
-3.250129, -1.076553, 2.803961, 0.483784, 82403
-3.336467, -0.860099, 1.472687, 0.533324, 82405
-3.417858, -0.991904, 3.574874, 0.531143, 82411
-3.323774, -1.020278, 3.408972, 0.534296, 82416
-3.523912, -0.207263, 3.736008, 0.531084, 82418
-3.528299, -0.693671, 3.731697, 0.526886, 82421
-3.613698, -0.776153, 3.766350, 0.523935, 82425
-5.054576, -1.113247, 1.727043, 0.526774, 82439
-4.214364, -1.035658, 3.568386, 0.522640, 82440
-3.760785, -1.109666, 4.248452, 0.523229, 82441
-4.295988, -1.091281, 3.467194, 0.523220, 82442
-3.932828, -0.674564, 3.672516, 0.520982, 82443
-3.864615, -0.109718, 3.925858, 0.516857, 82445
-4.043014, -1.158886, 4.374654, 0.518388, 82449
-3.398128, -1.089572, 4.045441, 0.573627, 82453
-3.776096, -0.977399, 3.952792, 0.566461, 82470
-3.634025, -0.315645, 3.797487, 0.570456, 82471
-3.830671, -1.115942, 4.226588, 0.568372, 82476
-4.438134, -1.111013, 2.847300, 0.571523, 82477
-4.859139, -1.032826, 1.978273, 0.573706, 82478
-5.184896, -1.090618, 1.725939, 0.574571, 82479
-3.027738, -0.787784, 1.272195, 0.383582, 82486
-3.138311, -1.056034, 2.550969, 0.389805, 82488
-3.161503, -1.084308, 2.632616, 0.390317, 82489
-3.186921, -1.035267, 3.685793, 0.392413, 82490
-3.541984, -1.001489, 2.363152, 0.394375, 82495
-3.440141, -1.168329, 4.197773, 0.399900, 82497
-3.668056, -0.370109, 3.782107, 0.399726, 82506
-3.568139, -0.998001, 3.979833, 0.397889, 82509
-3.729378, -1.146746, 4.284202, 0.410979, 82513
-3.828951, -0.610553, 3.807711, 0.406144, 82514
-3.892160, -0.934097, 3.869301, 0.409023, 82517
-4.269083, -1.105636, 3.043961, 0.413880, 82522
-3.993411, -0.996689, 3.813702, 0.413297, 82523
-4.597046, -1.112256, 2.396924, 0.418055, 82524
-3.875629, -1.161556, 4.374796, 0.418545, 82526
-3.916690, -0.566263, 3.701802, 0.410896, 82528
-3.948211, -0.214572, 3.819962, 0.417439, 82529
-4.420457, -1.140742, 3.494370, 0.426403, 82531
